(0.045454545454545456, 0.045454545454545456, 0.045454545454545456)
(0.020202020202020204, 0.020202020202020204, 0.020202020202020204)
(0.030303030303030304, 0.030303030303030304, 0.030303030303030304)
(0.2878787878787879, 0.2878787878787879, 0.2878787878787879)
(0.15151515151515152, 0.15151515151515152, 0.15151515151515152)
(0.06565656565656566, 0.06565656565656566, 0.06565656565656566)
(0.08080808080808081, 0.08080808080808081, 0.08080808080808081)
(0.015151515151515152, 0.015151515151515152, 0.015151515151515152)
(0.020202020202020204, 0.020202020202020204, 0.020202020202020204)
(0.12626262626262627, 0.12626262626262627, 0.12626262626262627)
(0.015151515151515152, 0.015151515151515152, 0.015151515151515152)
(0.08080808080808081, 0.08080808080808081, 0.08080808080808081)
(0.04040404040404041, 0.04040404040404041, 0.04040404040404041)
(0.10101010101010101, 0.10101010101010101, 0.10101010101010101)
(0.015151515151515152, 0.015151515151515152, 0.015151515151515152)
(0.015151515151515152, 0.015151515151515152, 0.015151515151515152)
(0.04040404040404041, 0.04040404040404041, 0.04040404040404041)
(0.015151515151515152, 0.015151515151515152, 0.015151515151515152)
(0.025252525252525252, 0.025252525252525252, 0.025252525252525252)
(0.015151515151515152, 0.015151515151515152, 0.015151515151515152)
(0.010101010101010102, 0.010101010101010102, 0.010101010101010102)
(0.015151515151515152, 0.015151515151515152, 0.015151515151515152)
(0.015151515151515152, 0.015151515151515152, 0.015151515151515152)
(0.2474747474747475, 0.2474747474747475, 0.2474747474747475)
(0.06060606060606061, 0.06060606060606061, 0.06060606060606061)
(0.020202020202020204, 0.020202020202020204, 0.020202020202020204)
(0.005050505050505051, 0.005050505050505051, 0.005050505050505051)
(0.010101010101010102, 0.010101010101010102, 0.010101010101010102)
(0.050505050505050504, 0.050505050505050504, 0.050505050505050504)
(0.015151515151515152, 0.015151515151515152, 0.015151515151515152)
(0.0, 0.0, 0.0)
(0.005050505050505051, 0.005050505050505051, 0.005050505050505051)
(0.030303030303030304, 0.030303030303030304, 0.030303030303030304)
(0.030303030303030304, 0.030303030303030304, 0.030303030303030304)
(0.05555555555555555, 0.05555555555555555, 0.05555555555555555)
(0.010101010101010102, 0.010101010101010102, 0.010101010101010102)
(0.045454545454545456, 0.045454545454545456, 0.045454545454545456)
(0.04040404040404041, 0.04040404040404041, 0.04040404040404041)
(0.005050505050505051, 0.005050505050505051, 0.005050505050505051)
(0.005050505050505051, 0.005050505050505051, 0.005050505050505051)
(0.04040404040404041, 0.04040404040404041, 0.04040404040404041)
(0.05555555555555555, 0.05555555555555555, 0.05555555555555555)
(0.020202020202020204, 0.020202020202020204, 0.020202020202020204)
(0.030303030303030304, 0.030303030303030304, 0.030303030303030304)
(0.020202020202020204, 0.020202020202020204, 0.020202020202020204)
(0.020202020202020204, 0.020202020202020204, 0.020202020202020204)
(0.03535353535353535, 0.03535353535353535, 0.03535353535353535)
(0.005050505050505051, 0.005050505050505051, 0.005050505050505051)
(0.015151515151515152, 0.015151515151515152, 0.015151515151515152)
(0.015151515151515152, 0.015151515151515152, 0.015151515151515152)
