(0.025252525252525252, 0.025252525252525252, 0.025252525252525252)
(0.015151515151515152, 0.015151515151515152, 0.015151515151515152)
(0.015151515151515152, 0.015151515151515152, 0.015151515151515152)
(0.025252525252525252, 0.025252525252525252, 0.025252525252525252)
(0.005050505050505051, 0.005050505050505051, 0.005050505050505051)
(0.015151515151515152, 0.015151515151515152, 0.015151515151515152)
(0.10606060606060606, 0.10606060606060606, 0.10606060606060606)
(0.015151515151515152, 0.015151515151515152, 0.015151515151515152)
(0.005050505050505051, 0.005050505050505051, 0.005050505050505051)
(0.010101010101010102, 0.010101010101010102, 0.010101010101010102)
(0.005050505050505051, 0.005050505050505051, 0.005050505050505051)
(0.03535353535353535, 0.03535353535353535, 0.03535353535353535)
(0.03535353535353535, 0.03535353535353535, 0.03535353535353535)
(0.020202020202020204, 0.020202020202020204, 0.020202020202020204)
(0.010101010101010102, 0.010101010101010102, 0.010101010101010102)
(0.015151515151515152, 0.015151515151515152, 0.015151515151515152)
(0.025252525252525252, 0.025252525252525252, 0.025252525252525252)
(0.015151515151515152, 0.015151515151515152, 0.015151515151515152)
(0.010101010101010102, 0.010101010101010102, 0.010101010101010102)
(0.010101010101010102, 0.010101010101010102, 0.010101010101010102)
(0.020202020202020204, 0.020202020202020204, 0.020202020202020204)
(0.005050505050505051, 0.005050505050505051, 0.005050505050505051)
(0.005050505050505051, 0.005050505050505051, 0.005050505050505051)
(0.010101010101010102, 0.010101010101010102, 0.010101010101010102)
(0.005050505050505051, 0.005050505050505051, 0.005050505050505051)
(0.010101010101010102, 0.010101010101010102, 0.010101010101010102)
(0.12121212121212122, 0.12121212121212122, 0.12121212121212122)
(0.010101010101010102, 0.010101010101010102, 0.010101010101010102)
(0.005050505050505051, 0.005050505050505051, 0.005050505050505051)
(0.010101010101010102, 0.010101010101010102, 0.010101010101010102)
(0.0, 0.0, 0.0)
(0.005050505050505051, 0.005050505050505051, 0.005050505050505051)
(0.010101010101010102, 0.010101010101010102, 0.010101010101010102)
(0.010101010101010102, 0.010101010101010102, 0.010101010101010102)
(0.005050505050505051, 0.005050505050505051, 0.005050505050505051)
(0.0, 0.0, 0.0)
(0.03535353535353535, 0.03535353535353535, 0.03535353535353535)
(0.04040404040404041, 0.04040404040404041, 0.04040404040404041)
(0.0, 0.0, 0.0)
(0.015151515151515152, 0.015151515151515152, 0.015151515151515152)
(0.005050505050505051, 0.005050505050505051, 0.005050505050505051)
(0.025252525252525252, 0.025252525252525252, 0.025252525252525252)
(0.015151515151515152, 0.015151515151515152, 0.015151515151515152)
(0.010101010101010102, 0.010101010101010102, 0.010101010101010102)
(0.06060606060606061, 0.06060606060606061, 0.06060606060606061)
(0.010101010101010102, 0.010101010101010102, 0.010101010101010102)
(0.005050505050505051, 0.005050505050505051, 0.005050505050505051)
(0.0, 0.0, 0.0)
(0.005050505050505051, 0.005050505050505051, 0.005050505050505051)
(0.005050505050505051, 0.005050505050505051, 0.005050505050505051)
