astral2-200-tree.txt
(0.028056112224448898, 0.028056112224448898, 0.028056112224448898)
astral2-50-tree.txt
(0.050100200400801605, 0.050100200400801605, 0.050100200400801605)
astral-tree.txt
(0.017034068136272545, 0.017034068136272545, 0.017034068136272545)
ewqfm-200-resolved-tree.txt
(0.022044088176352707, 0.022044088176352707, 0.022044088176352707)
ewqfm-200-tree.txt
(0.022044088176352707, 0.022044088176352707, 0.022044088176352707)
ewqfm-50-resolved-tree.txt
(0.052104208416833664, 0.052104208416833664, 0.052104208416833664)
ewqfm-50-tree.txt
(0.052104208416833664, 0.052104208416833664, 0.052104208416833664)
ewqfm-paup-nq-A-tree.txt
(0.017034068136272545, 0.017034068136272545, 0.017034068136272545)
ewqfm-with-resolved-gene-trees-tree.txt
(0.017034068136272545, 0.017034068136272545, 0.017034068136272545)
treeqmc-200-tree.txt
(0.02404809619238477, 0.02404809619238477, 0.02404809619238477)
treeqmc-50-tree.txt
(0.05711422845691383, 0.05711422845691383, 0.05711422845691383)
treeqmc-tree.txt
(0.01603206412825651, 0.01603206412825651, 0.01603206412825651)


(astral, ewqfm, ewqfm-resolved, treeqmc)
50 gts
0.050100200400801605, 0.052104208416833664, 0.052104208416833664, 0.05711422845691383
200 gts
0.028056112224448898, 0.022044088176352707, 0.022044088176352707, 0.02404809619238477
1000 gts
0.017034068136272545, 0.017034068136272545, 0.017034068136272545, 0.01603206412825651