noscale.100g.500b
R1
(0.0, 0.0, 0.0)
R10
(0.0, 0.0, 0.0)
R11
(0.0, 0.0, 0.0)
R12
(0.0, 0.0, 0.0)
R13
(0.0, 0.0, 0.0)
R14
(0.0, 0.0, 0.0)
R15
(0.0, 0.0, 0.0)
R16
(0.0, 0.0, 0.0)
R17
(0.0, 0.0, 0.0)
R18
(0.0, 0.0, 0.0)
R19
(0.0, 0.0, 0.0)
R2
(0.0, 0.0, 0.0)
R20
(0.0, 0.0, 0.0)
R3
(0.0, 0.0, 0.0)
R4
(0.0, 0.0, 0.0)
R5
(0.0, 0.0, 0.0)
R6
(0.0, 0.0, 0.0)
R7
(0.0, 0.0, 0.0)
R8
(0.0, 0.0, 0.0)
R9
(0.0, 0.0, 0.0)
noscale.200g.1000b
R1
(0.0, 0.0, 0.0)
R10
(0.0, 0.0, 0.0)
R11
(0.0, 0.0, 0.0)
R12
(0.0, 0.0, 0.0)
R13
(0.0, 0.0, 0.0)
R14
(0.0, 0.0, 0.0)
R15
(0.0, 0.0, 0.0)
R16
(0.0, 0.0, 0.0)
R17
(0.0, 0.0, 0.0)
R18
(0.0, 0.0, 0.0)
R19
(0.0, 0.0, 0.0)
R2
(0.0, 0.0, 0.0)
R20
(0.0, 0.0, 0.0)
R3
(0.0, 0.0, 0.0)
R4
(0.0, 0.0, 0.0)
R5
(0.0, 0.0, 0.0)
R6
(0.0, 0.0, 0.0)
R7
(0.0, 0.0, 0.0)
R8
(0.0, 0.0, 0.0)
R9
(0.0, 0.0, 0.0)
noscale.200g.1500b
R1
(0.0, 0.0, 0.0)
R10
(0.0, 0.0, 0.0)
R11
(0.0, 0.0, 0.0)
R12
(0.0, 0.0, 0.0)
R13
(0.0, 0.0, 0.0)
R14
(0.0, 0.0, 0.0)
R15
(0.0, 0.0, 0.0)
R16
(0.0, 0.0, 0.0)
R17
(0.0, 0.0, 0.0)
R18
(0.0, 0.0, 0.0)
R19
(0.0, 0.0, 0.0)
R2
(0.0, 0.0, 0.0)
R20
(0.0, 0.0, 0.0)
R3
(0.0, 0.0, 0.0)
R4
(0.0, 0.0, 0.0)
R5
(0.0, 0.0, 0.0)
R6
(0.0, 0.0, 0.0)
R7
(0.0, 0.0, 0.0)
R8
(0.0, 0.0, 0.0)
R9
(0.0, 0.0, 0.0)
noscale.200g.250b
R1
(0.0, 0.0, 0.0)
R10
(0.0, 0.0, 0.0)
R11
(0.0, 0.0, 0.0)
R12
(0.0, 0.0, 0.0)
R13
(0.0, 0.0, 0.0)
R14
(0.0, 0.0, 0.0)
R15
(0.0, 0.0, 0.0)
R16
(0.0, 0.0, 0.0)
R17
(0.0, 0.0, 0.0)
R18
(0.0, 0.0, 0.0)
R19
(0.0, 0.0, 0.0)
R2
(0.0, 0.0, 0.0)
R20
(0.0, 0.0, 0.0)
R3
(0.0, 0.0, 0.0)
R4
(0.0, 0.0, 0.0)
R5
(0.0, 0.0, 0.0)
R6
(0.0, 0.0, 0.0)
R7
(0.0, 0.0, 0.0)
R8
(0.0, 0.0, 0.0)
R9
(0.0, 0.0, 0.0)
noscale.200g.500b
R1
(0.0, 0.0, 0.0)
R10
(0.0, 0.0, 0.0)
R11
(0.0, 0.0, 0.0)
R12
(0.0, 0.0, 0.0)
R13
(0.0, 0.0, 0.0)
R14
(0.0, 0.0, 0.0)
R15
(0.0, 0.0, 0.0)
R16
(0.0, 0.0, 0.0)
R17
(0.0, 0.0, 0.0)
R18
(0.0, 0.0, 0.0)
R19
(0.0, 0.0, 0.0)
R2
(0.0, 0.0, 0.0)
R20
(0.0, 0.0, 0.0)
R3
(0.0, 0.0, 0.0)
R4
(0.0, 0.0, 0.0)
R5
(0.0, 0.0, 0.0)
R6
(0.0, 0.0, 0.0)
R7
(0.0, 0.0, 0.0)
R8
(0.0, 0.0, 0.0)
R9
(0.0, 0.0, 0.0)
noscale.200g.true
R1
(0.0, 0.0, 0.0)
R10
(0.0, 0.0, 0.0)
R11
(0.0, 0.0, 0.0)
R12
(0.0, 0.0, 0.0)
R13
(0.0, 0.0, 0.0)
R14
(0.0, 0.0, 0.0)
R15
(0.0, 0.0, 0.0)
R16
(0.0, 0.0, 0.0)
R17
(0.0, 0.0, 0.0)
R18
(0.0, 0.0, 0.0)
R19
(0.0, 0.0, 0.0)
R2
(0.0, 0.0, 0.0)
R20
(0.0, 0.0, 0.0)
R3
(0.0, 0.0, 0.0)
R4
(0.0, 0.0, 0.0)
R5
(0.0, 0.0, 0.0)
R6
(0.0, 0.0, 0.0)
R7
(0.0, 0.0, 0.0)
R8
(0.0, 0.0, 0.0)
R9
(0.0, 0.0, 0.0)
noscale.25g.500b
R1
(0.0, 0.0, 0.0)
R10
(0.029411764705882353, 0.029411764705882353, 0.029411764705882353)
R11
(0.0, 0.0, 0.0)
R12
(0.0, 0.0, 0.0)
R13
(0.0, 0.0, 0.0)
R14
(0.0, 0.0, 0.0)
R15
(0.0, 0.0, 0.0)
R16
(0.0, 0.0, 0.0)
R17
(0.0, 0.0, 0.0)
R18
(0.0, 0.0, 0.0)
R19
(0.0, 0.0, 0.0)
R2
(0.0, 0.0, 0.0)
R20
(0.029411764705882353, 0.029411764705882353, 0.029411764705882353)
R3
(0.0, 0.0, 0.0)
R4
(0.0, 0.0, 0.0)
R5
(0.0, 0.0, 0.0)
R6
(0.0, 0.0, 0.0)
R7
(0.0, 0.0, 0.0)
R8
(0.0, 0.0, 0.0)
R9
(0.0, 0.0, 0.0)
noscale.400g.500b
R1
(0.0, 0.0, 0.0)
R10
(0.0, 0.0, 0.0)
R11
(0.0, 0.0, 0.0)
R12
(0.0, 0.0, 0.0)
R13
(0.0, 0.0, 0.0)
R14
(0.0, 0.0, 0.0)
R15
(0.0, 0.0, 0.0)
R16
(0.0, 0.0, 0.0)
R17
(0.0, 0.0, 0.0)
R18
(0.0, 0.0, 0.0)
R19
(0.0, 0.0, 0.0)
R2
(0.0, 0.0, 0.0)
R20
(0.0, 0.0, 0.0)
R3
(0.0, 0.0, 0.0)
R4
(0.0, 0.0, 0.0)
R5
(0.0, 0.0, 0.0)
R6
(0.0, 0.0, 0.0)
R7
(0.0, 0.0, 0.0)
R8
(0.0, 0.0, 0.0)
R9
(0.0, 0.0, 0.0)
noscale.50g.500b
R1
(0.0, 0.0, 0.0)
R10
(0.0, 0.0, 0.0)
R11
(0.0, 0.0, 0.0)
R12
(0.0, 0.0, 0.0)
R13
(0.0, 0.0, 0.0)
R14
(0.0, 0.0, 0.0)
R15
(0.0, 0.0, 0.0)
R16
(0.0, 0.0, 0.0)
R17
(0.0, 0.0, 0.0)
R18
(0.0, 0.0, 0.0)
R19
(0.0, 0.0, 0.0)
R2
(0.0, 0.0, 0.0)
R20
(0.0, 0.0, 0.0)
R3
(0.0, 0.0, 0.0)
R4
(0.0, 0.0, 0.0)
R5
(0.0, 0.0, 0.0)
R6
(0.0, 0.0, 0.0)
R7
(0.0, 0.0, 0.0)
R8
(0.0, 0.0, 0.0)
R9
(0.0, 0.0, 0.0)
noscale.800g.500b
R1
(0.0, 0.0, 0.0)
R10
(0.0, 0.0, 0.0)
R11
(0.0, 0.0, 0.0)
R12
(0.0, 0.0, 0.0)
R13
(0.0, 0.0, 0.0)
R14
(0.0, 0.0, 0.0)
R15
(0.0, 0.0, 0.0)
R16
(0.0, 0.0, 0.0)
R17
(0.0, 0.0, 0.0)
R18
(0.0, 0.0, 0.0)
R19
(0.0, 0.0, 0.0)
R2
(0.0, 0.0, 0.0)
R20
(0.0, 0.0, 0.0)
R3
(0.0, 0.0, 0.0)
R4
(0.0, 0.0, 0.0)
R5
(0.0, 0.0, 0.0)
R6
(0.0, 0.0, 0.0)
R7
(0.0, 0.0, 0.0)
R8
(0.0, 0.0, 0.0)
R9
(0.0, 0.0, 0.0)
scale2d.200g.500b
R1
(0.0, 0.0, 0.0)
R10
(0.0, 0.0, 0.0)
R11
(0.0, 0.0, 0.0)
R12
(0.0, 0.0, 0.0)
R13
(0.0, 0.0, 0.0)
R14
(0.0, 0.0, 0.0)
R15
(0.0, 0.0, 0.0)
R16
(0.0, 0.0, 0.0)
R17
(0.0, 0.0, 0.0)
R18
(0.0, 0.0, 0.0)
R19
(0.0, 0.0, 0.0)
R2
(0.0, 0.0, 0.0)
R20
(0.0, 0.0, 0.0)
R3
(0.0, 0.0, 0.0)
R4
(0.0, 0.0, 0.0)
R5
(0.0, 0.0, 0.0)
R6
(0.0, 0.0, 0.0)
R7
(0.0, 0.0, 0.0)
R8
(0.0, 0.0, 0.0)
R9
(0.0, 0.0, 0.0)
scale2u.200g.500b
R1
(0.0, 0.0, 0.0)
R10
(0.0, 0.0, 0.0)
R11
(0.0, 0.0, 0.0)
R12
(0.0, 0.0, 0.0)
R13
(0.0, 0.0, 0.0)
R14
(0.0, 0.0, 0.0)
R15
(0.0, 0.0, 0.0)
R16
(0.0, 0.0, 0.0)
R17
(0.0, 0.0, 0.0)
R18
(0.0, 0.0, 0.0)
R19
(0.0, 0.0, 0.0)
R2
(0.0, 0.0, 0.0)
R20
(0.0, 0.0, 0.0)
R3
(0.0, 0.0, 0.0)
R4
(0.0, 0.0, 0.0)
R5
(0.0, 0.0, 0.0)
R6
(0.0, 0.0, 0.0)
R7
(0.0, 0.0, 0.0)
R8
(0.0, 0.0, 0.0)
R9
(0.0, 0.0, 0.0)
