avg-wqfm-Tree-score.txt
avg-wqfm-v1.2-all-scores.txt
0.5X-1000-500
(0.11000000000000001,0.11000000000000001,0.11000000000000001)
(0.10111111111111108,0.10111111111111108,0.10111111111111108)
1X-1000-500
(0.07444444444444444,0.07444444444444444,0.07444444444444444)
(0.05444444444444444,0.05444444444444444,0.05444444444444444)
1X-100-500
(0.23000000000000004,0.23000000000000004,0.23000000000000004)
(0.22888888888888892,0.22888888888888892,0.22888888888888892)
1X-200-500
(0.18271604938271607,0.18271604938271607,0.18271604938271607)
(0.17777777777777776,0.17777777777777776,0.17777777777777776)
1X-500-500
(0.10666666666666666,0.10666666666666666,0.10666666666666666)
(0.11000000000000001,0.11000000000000001,0.11000000000000001)
1X-50-500
(0.2722222222222222,0.2722222222222222,0.2722222222222222)
(0.2677777777777778,0.2677777777777778,0.2677777777777778)
2X-1000-500
(0.04333333333333332,0.04333333333333332,0.04333333333333332)
(0.039999999999999994,0.039999999999999994,0.039999999999999994)
