0.5X-1000-500
R1
(0.044444444444444446, 0.044444444444444446, 0.044444444444444446)
R10
(0.044444444444444446, 0.044444444444444446, 0.044444444444444446)
R11
(0.044444444444444446, 0.044444444444444446, 0.044444444444444446)
R12
(0.08888888888888889, 0.08888888888888889, 0.08888888888888889)
R13
(0.08888888888888889, 0.08888888888888889, 0.08888888888888889)
R14
(0.13333333333333333, 0.13333333333333333, 0.13333333333333333)
R15
(0.13333333333333333, 0.13333333333333333, 0.13333333333333333)
R16
(0.1111111111111111, 0.1111111111111111, 0.1111111111111111)
R17
(0.044444444444444446, 0.044444444444444446, 0.044444444444444446)
R18
(0.044444444444444446, 0.044444444444444446, 0.044444444444444446)
R19
(0.044444444444444446, 0.044444444444444446, 0.044444444444444446)
R2
(0.06666666666666667, 0.06666666666666667, 0.06666666666666667)
R20
(0.08888888888888889, 0.08888888888888889, 0.08888888888888889)
R3
(0.022222222222222223, 0.022222222222222223, 0.022222222222222223)
R4
(0.13333333333333333, 0.13333333333333333, 0.13333333333333333)
R5
(0.022222222222222223, 0.022222222222222223, 0.022222222222222223)
R6
(0.06666666666666667, 0.06666666666666667, 0.06666666666666667)
R7
(0.0, 0.0, 0.0)
R8
(0.06666666666666667, 0.06666666666666667, 0.06666666666666667)
R9
(0.044444444444444446, 0.044444444444444446, 0.044444444444444446)
1X-1000-500
R1
(0.0, 0.0, 0.0)
R10
(0.022222222222222223, 0.022222222222222223, 0.022222222222222223)
R11
(0.06666666666666667, 0.06666666666666667, 0.06666666666666667)
R12
(0.022222222222222223, 0.022222222222222223, 0.022222222222222223)
R13
(0.08888888888888889, 0.08888888888888889, 0.08888888888888889)
R14
(0.06666666666666667, 0.06666666666666667, 0.06666666666666667)
R15
(0.022222222222222223, 0.022222222222222223, 0.022222222222222223)
R16
(0.06666666666666667, 0.06666666666666667, 0.06666666666666667)
R17
(0.1111111111111111, 0.1111111111111111, 0.1111111111111111)
R18
(0.022222222222222223, 0.022222222222222223, 0.022222222222222223)
R19
(0.0, 0.0, 0.0)
R2
(0.0, 0.0, 0.0)
R20
(0.022222222222222223, 0.022222222222222223, 0.022222222222222223)
R3
(0.022222222222222223, 0.022222222222222223, 0.022222222222222223)
R4
(0.08888888888888889, 0.08888888888888889, 0.08888888888888889)
R5
(0.022222222222222223, 0.022222222222222223, 0.022222222222222223)
R6
(0.1111111111111111, 0.1111111111111111, 0.1111111111111111)
R7
(0.044444444444444446, 0.044444444444444446, 0.044444444444444446)
R8
(0.0, 0.0, 0.0)
R9
(0.06666666666666667, 0.06666666666666667, 0.06666666666666667)
1X-100-500
R1
(0.1111111111111111, 0.1111111111111111, 0.1111111111111111)
R10
(0.15555555555555556, 0.15555555555555556, 0.15555555555555556)
R11
(0.13333333333333333, 0.13333333333333333, 0.13333333333333333)
R12
(0.08888888888888889, 0.08888888888888889, 0.08888888888888889)
R13
(0.15555555555555556, 0.15555555555555556, 0.15555555555555556)
R14
(0.022222222222222223, 0.022222222222222223, 0.022222222222222223)
R15
(0.0, 0.0, 0.0)
R16
(0.044444444444444446, 0.044444444444444446, 0.044444444444444446)
R17
(0.1111111111111111, 0.1111111111111111, 0.1111111111111111)
R18
(0.2222222222222222, 0.2222222222222222, 0.2222222222222222)
R19
(0.0, 0.0, 0.0)
R2
(0.15555555555555556, 0.15555555555555556, 0.15555555555555556)
R20
(0.06666666666666667, 0.06666666666666667, 0.06666666666666667)
R3
(0.044444444444444446, 0.044444444444444446, 0.044444444444444446)
R4
(0.022222222222222223, 0.022222222222222223, 0.022222222222222223)
R5
(0.08888888888888889, 0.08888888888888889, 0.08888888888888889)
R6
(0.022222222222222223, 0.022222222222222223, 0.022222222222222223)
R7
(0.24444444444444444, 0.24444444444444444, 0.24444444444444444)
R8
(0.06666666666666667, 0.06666666666666667, 0.06666666666666667)
R9
(0.17777777777777778, 0.17777777777777778, 0.17777777777777778)
1X-200-500
R1
(0.08888888888888889, 0.08888888888888889, 0.08888888888888889)
R10
R11
(0.044444444444444446, 0.044444444444444446, 0.044444444444444446)
R12
(0.0, 0.0, 0.0)
R13
R14
(0.022222222222222223, 0.022222222222222223, 0.022222222222222223)
R15
(0.1111111111111111, 0.1111111111111111, 0.1111111111111111)
R16
(0.06666666666666667, 0.06666666666666667, 0.06666666666666667)
R17
(0.022222222222222223, 0.022222222222222223, 0.022222222222222223)
R18
(0.08888888888888889, 0.08888888888888889, 0.08888888888888889)
R19
(0.1111111111111111, 0.1111111111111111, 0.1111111111111111)
R2
(0.08888888888888889, 0.08888888888888889, 0.08888888888888889)
R20
(0.044444444444444446, 0.044444444444444446, 0.044444444444444446)
R3
(0.1111111111111111, 0.1111111111111111, 0.1111111111111111)
R4
(0.044444444444444446, 0.044444444444444446, 0.044444444444444446)
R5
(0.0, 0.0, 0.0)
R6
(0.022222222222222223, 0.022222222222222223, 0.022222222222222223)
R7
(0.1111111111111111, 0.1111111111111111, 0.1111111111111111)
R8
(0.08888888888888889, 0.08888888888888889, 0.08888888888888889)
R9
(0.06666666666666667, 0.06666666666666667, 0.06666666666666667)
1X-500-500
R1
(0.0, 0.0, 0.0)
R10
(0.06666666666666667, 0.06666666666666667, 0.06666666666666667)
R11
(0.0, 0.0, 0.0)
R12
(0.044444444444444446, 0.044444444444444446, 0.044444444444444446)
R13
(0.1111111111111111, 0.1111111111111111, 0.1111111111111111)
R14
(0.0, 0.0, 0.0)
R15
(0.0, 0.0, 0.0)
R16
(0.1111111111111111, 0.1111111111111111, 0.1111111111111111)
R17
(0.044444444444444446, 0.044444444444444446, 0.044444444444444446)
R18
(0.06666666666666667, 0.06666666666666667, 0.06666666666666667)
R19
(0.13333333333333333, 0.13333333333333333, 0.13333333333333333)
R2
(0.08888888888888889, 0.08888888888888889, 0.08888888888888889)
R20
(0.044444444444444446, 0.044444444444444446, 0.044444444444444446)
R3
(0.08888888888888889, 0.08888888888888889, 0.08888888888888889)
R4
(0.13333333333333333, 0.13333333333333333, 0.13333333333333333)
R5
(0.022222222222222223, 0.022222222222222223, 0.022222222222222223)
R6
(0.022222222222222223, 0.022222222222222223, 0.022222222222222223)
R7
(0.0, 0.0, 0.0)
R8
(0.06666666666666667, 0.06666666666666667, 0.06666666666666667)
R9
(0.044444444444444446, 0.044444444444444446, 0.044444444444444446)
1X-50-500
R1
(0.08888888888888889, 0.08888888888888889, 0.08888888888888889)
R10
(0.06666666666666667, 0.06666666666666667, 0.06666666666666667)
R11
(0.15555555555555556, 0.15555555555555556, 0.15555555555555556)
R12
(0.06666666666666667, 0.06666666666666667, 0.06666666666666667)
R13
(0.044444444444444446, 0.044444444444444446, 0.044444444444444446)
R14
(0.0, 0.0, 0.0)
R15
(0.06666666666666667, 0.06666666666666667, 0.06666666666666667)
R16
(0.1111111111111111, 0.1111111111111111, 0.1111111111111111)
R17
(0.1111111111111111, 0.1111111111111111, 0.1111111111111111)
R18
(0.044444444444444446, 0.044444444444444446, 0.044444444444444446)
R19
(0.15555555555555556, 0.15555555555555556, 0.15555555555555556)
R2
(0.1111111111111111, 0.1111111111111111, 0.1111111111111111)
R20
(0.1111111111111111, 0.1111111111111111, 0.1111111111111111)
R3
(0.1111111111111111, 0.1111111111111111, 0.1111111111111111)
R4
(0.022222222222222223, 0.022222222222222223, 0.022222222222222223)
R5
(0.044444444444444446, 0.044444444444444446, 0.044444444444444446)
R6
(0.08888888888888889, 0.08888888888888889, 0.08888888888888889)
R7
(0.1111111111111111, 0.1111111111111111, 0.1111111111111111)
R8
(0.13333333333333333, 0.13333333333333333, 0.13333333333333333)
R9
(0.17777777777777778, 0.17777777777777778, 0.17777777777777778)
2X-1000-500
R1
(0.0, 0.0, 0.0)
R10
(0.022222222222222223, 0.022222222222222223, 0.022222222222222223)
R11
(0.0, 0.0, 0.0)
R12
(0.022222222222222223, 0.022222222222222223, 0.022222222222222223)
R13
(0.0, 0.0, 0.0)
R14
(0.0, 0.0, 0.0)
R15
(0.022222222222222223, 0.022222222222222223, 0.022222222222222223)
R16
(0.0, 0.0, 0.0)
R17
(0.022222222222222223, 0.022222222222222223, 0.022222222222222223)
R18
(0.022222222222222223, 0.022222222222222223, 0.022222222222222223)
R19
(0.0, 0.0, 0.0)
R2
(0.022222222222222223, 0.022222222222222223, 0.022222222222222223)
R20
(0.044444444444444446, 0.044444444444444446, 0.044444444444444446)
R3
(0.06666666666666667, 0.06666666666666667, 0.06666666666666667)
R4
(0.0, 0.0, 0.0)
R5
(0.06666666666666667, 0.06666666666666667, 0.06666666666666667)
R6
(0.0, 0.0, 0.0)
R7
(0.022222222222222223, 0.022222222222222223, 0.022222222222222223)
R8
(0.022222222222222223, 0.022222222222222223, 0.022222222222222223)
R9
(0.0, 0.0, 0.0)
