0.06060606060606061
0.030303030303030304
0.07575757575757576
0.0707070707070707
0.0707070707070707
0.10606060606060606
0.06565656565656566
0.16666666666666666
0.07575757575757576
0.0707070707070707
0.045454545454545456
0.08585858585858586
0.045454545454545456
0.11616161616161616
0.08585858585858586
0.05555555555555555
0.03535353535353535
0.06565656565656566
0.11616161616161616
0.06565656565656566
0.0707070707070707
0.09090909090909091
0.09090909090909091
0.045454545454545456
0.12626262626262627
0.16666666666666666
0.16161616161616163
0.05555555555555555
0.12121212121212122
0.06565656565656566
0.08080808080808081
0.06060606060606061
0.08080808080808081
0.10101010101010101
0.29292929292929293
0.0707070707070707
0.06565656565656566
0.06060606060606061
0.06060606060606061
0.08080808080808081
0.10606060606060606
0.08585858585858586
0.045454545454545456
0.03535353535353535
0.09595959595959595
0.04040404040404041
0.09595959595959595
0.05555555555555555
0.10101010101010101
0.09595959595959595
0.0707070707070707
0.045454545454545456
0.06565656565656566
0.05555555555555555
0.0707070707070707
0.10101010101010101
0.0707070707070707
0.12626262626262627
0.06565656565656566
0.05555555555555555
0.045454545454545456
0.07575757575757576
0.045454545454545456
0.10101010101010101
0.08080808080808081
0.05555555555555555
0.050505050505050504
0.06565656565656566
0.1111111111111111
0.06565656565656566
0.06565656565656566
0.08080808080808081
0.07575757575757576
0.05555555555555555
0.10101010101010101
0.16161616161616163
0.15151515151515152
0.050505050505050504
0.11616161616161616
0.06060606060606061
0.07575757575757576
0.050505050505050504
0.06565656565656566
0.09595959595959595
0.29292929292929293
0.06060606060606061
0.050505050505050504
0.0707070707070707
0.050505050505050504
0.07575757575757576
0.08585858585858586
0.07575757575757576
0.045454545454545456
0.04040404040404041
0.09595959595959595
0.030303030303030304
0.08585858585858586
0.050505050505050504
0.09595959595959595
0.09090909090909091
0.0707070707070707
0.045454545454545456
0.06565656565656566
0.05555555555555555
0.0707070707070707
0.10101010101010101
0.0707070707070707
0.1414141414141414
0.0707070707070707
0.06060606060606061
0.045454545454545456
0.06565656565656566
0.045454545454545456
0.09595959595959595
0.08080808080808081
0.05555555555555555
0.050505050505050504
0.06060606060606061
0.10606060606060606
0.06565656565656566
0.06565656565656566
0.09090909090909091
0.07575757575757576
0.050505050505050504
0.1111111111111111
0.16161616161616163
0.16161616161616163
0.045454545454545456
0.12121212121212122
0.06060606060606061
0.07575757575757576
0.050505050505050504
0.06565656565656566
0.09595959595959595
0.29797979797979796
0.06060606060606061
0.050505050505050504
0.0707070707070707
0.050505050505050504
0.07575757575757576
0.09090909090909091
0.07575757575757576
0.045454545454545456
0.04040404040404041
0.09595959595959595
0.030303030303030304
0.08585858585858586
0.050505050505050504
0.09595959595959595
0.09090909090909091
0.0707070707070707
0.045454545454545456
0.0707070707070707
0.06060606060606061
0.06060606060606061
0.09595959595959595
0.06060606060606061
0.13636363636363635
0.06565656565656566
0.06565656565656566
0.045454545454545456
0.06565656565656566
0.05555555555555555
0.09595959595959595
0.07575757575757576
0.06060606060606061
0.050505050505050504
0.06565656565656566
0.10606060606060606
0.05555555555555555
0.06565656565656566
0.09595959595959595
0.08585858585858586
0.05555555555555555
0.12121212121212122
0.1717171717171717
0.16666666666666666
0.045454545454545456
0.13636363636363635
0.06060606060606061
0.07575757575757576
0.05555555555555555
0.0707070707070707
0.08585858585858586
0.29797979797979796
0.05555555555555555
0.05555555555555555
0.07575757575757576
0.050505050505050504
0.07575757575757576
0.09595959595959595
0.08585858585858586
0.04040404040404041
0.04040404040404041
0.09090909090909091
0.030303030303030304
0.08585858585858586
0.050505050505050504
0.09595959595959595
0.1111111111111111
0.07575757575757576
0.10606060606060606
0.06565656565656566
0.11616161616161616
0.1414141414141414
0.15656565656565657
0.18181818181818182
0.18686868686868688
0.08080808080808081
0.13636363636363635
0.12121212121212122
0.07575757575757576
0.12121212121212122
0.1717171717171717
0.1717171717171717
0.09595959595959595
0.08080808080808081
0.03535353535353535
0.07575757575757576
0.09090909090909091
0.05555555555555555
0.07575757575757576
0.15151515151515152
0.08585858585858586
0.08080808080808081
0.07575757575757576
0.16666666666666666
0.12626262626262627
0.11616161616161616
0.13636363636363635
0.08080808080808081
0.10101010101010101
0.22727272727272727
0.050505050505050504
0.08080808080808081
0.08080808080808081
0.09090909090909091
0.04040404040404041
0.06060606060606061
0.08080808080808081
0.06060606060606061
0.10606060606060606
0.06060606060606061
0.10606060606060606
0.05555555555555555
0.11616161616161616
0.0707070707070707
0.08585858585858586
0.06060606060606061
0.12121212121212122
0.08080808080808081
0.12121212121212122
0.045454545454545456
0.1111111111111111
0.1414141414141414
0.13131313131313133
0.19696969696969696
0.16161616161616163
0.08080808080808081
0.13636363636363635
0.08080808080808081
0.08080808080808081
0.09595959595959595
0.1414141414141414
0.1414141414141414
0.1111111111111111
0.0707070707070707
0.04040404040404041
0.07575757575757576
0.09090909090909091
0.050505050505050504
0.0707070707070707
0.12121212121212122
0.09595959595959595
0.0707070707070707
0.07575757575757576
0.18181818181818182
0.12626262626262627
0.15656565656565657
0.11616161616161616
0.0707070707070707
0.09090909090909091
0.19696969696969696
0.05555555555555555
0.08585858585858586
0.07575757575757576
0.08080808080808081
0.050505050505050504
0.05555555555555555
0.05555555555555555
0.08080808080808081
0.1111111111111111
0.06565656565656566
0.09595959595959595
0.06060606060606061
0.11616161616161616
0.06060606060606061
0.0707070707070707
0.05555555555555555
0.12121212121212122
0.08080808080808081
0.11616161616161616
0.045454545454545456
0.1111111111111111
0.1414141414141414
0.12626262626262627
0.18686868686868688
0.19696969696969696
0.08585858585858586
0.13131313131313133
0.08080808080808081
0.08080808080808081
0.09595959595959595
0.1414141414141414
0.1414141414141414
0.1111111111111111
0.0707070707070707
0.04040404040404041
0.0707070707070707
0.09090909090909091
0.050505050505050504
0.0707070707070707
0.12121212121212122
0.09595959595959595
0.0707070707070707
0.07575757575757576
0.1717171717171717
0.13131313131313133
0.15656565656565657
0.1111111111111111
0.0707070707070707
0.08585858585858586
0.19696969696969696
0.05555555555555555
0.08585858585858586
0.07575757575757576
0.08080808080808081
0.050505050505050504
0.06060606060606061
0.06060606060606061
0.08080808080808081
0.1111111111111111
0.06565656565656566
0.09595959595959595
0.06060606060606061
0.11616161616161616
0.06060606060606061
0.0707070707070707
0.05555555555555555
0.12121212121212122
0.0707070707070707
0.12121212121212122
0.050505050505050504
0.10606060606060606
0.13131313131313133
0.10606060606060606
0.18181818181818182
0.16666666666666666
0.08080808080808081
0.14646464646464646
0.10101010101010101
0.09595959595959595
0.09090909090909091
0.14646464646464646
0.13636363636363635
0.1111111111111111
0.07575757575757576
0.030303030303030304
0.08080808080808081
0.09090909090909091
0.06060606060606061
0.06565656565656566
0.10101010101010101
0.09090909090909091
0.0707070707070707
0.08080808080808081
0.20707070707070707
0.12626262626262627
0.13131313131313133
0.11616161616161616
0.08585858585858586
0.09595959595959595
0.18686868686868688
0.045454545454545456
0.07575757575757576
0.09090909090909091
0.09595959595959595
0.045454545454545456
0.06060606060606061
0.07575757575757576
0.08080808080808081
0.1111111111111111
0.06565656565656566
0.10101010101010101
0.06060606060606061
0.1111111111111111
0.05555555555555555
0.0707070707070707
0.06060606060606061
0.11616161616161616
