# Elapsed time   CPU (%)     Real (MB)   Virtual (MB)
       0.000        0.000       39.566    19310.867
       2.000      280.900      718.453    21456.090
       4.003      293.700     1332.527    21456.090
       6.004      108.400     1859.199    21456.090
       8.007      105.900     2167.801    21456.090
      10.009       99.900     2703.793    21456.090
      12.011      117.900     3020.480    21456.090
      14.012      218.400     3043.879    21456.090
      16.015      143.300     3023.949    21456.090
      18.017      103.900     3023.949    21456.090
      20.019      108.400     3024.473    21456.090
      22.021      104.400     3024.582    21456.090
      24.024      104.400     3024.582    21456.090
      26.026       99.900     3024.582    21456.090
      28.028      104.400     3024.582    21456.090
      30.030      103.900     3024.582    21456.090
      32.032      105.900     3024.582    21456.090
      34.035      105.900     3040.871    21456.090
      36.036      124.900     3053.289    21456.090
      38.039      113.900     3061.105    21456.090
      40.041       99.900     3061.105    21456.090
      42.043      100.900     3045.902    21456.090
      44.045      101.400     3045.902    21456.090
      46.048      101.400     3045.902    21456.090
      48.050      100.900     3045.902    21456.090
      50.052      100.900     3046.887    21456.090
      52.054      100.400     3046.953    21456.090
      54.057      101.400     3047.434    21456.090
      56.059      101.400     3047.668    21456.090
      58.061      101.400     3048.352    21456.090
      60.063       99.900     3048.352    21456.090
      62.065      100.900     3048.352    21456.090
      64.068      101.400     3048.352    21456.090
      66.070      101.400     3048.352    21456.090
      68.072      100.900     3048.555    21456.090
      70.074       99.900     3048.555    21456.090
      72.077      101.900     3048.555    21456.090
      74.079      101.400     3048.555    21456.090
      76.081      100.900     3048.555    21456.090
      78.083      101.400     3048.555    21456.090
      80.086      143.300     3065.848    21456.090
      82.088      114.900     3051.832    21456.090
      84.090      102.900     3051.887    21456.090
      86.092       99.900     3051.887    21456.090
      88.094      100.400     3051.891    21456.090
      90.096      100.400     3051.891    21456.090
      92.099      100.400     3051.891    21456.090
      94.100      100.400     3052.020    21456.090
      96.103      100.400     3052.020    21456.090
      98.105       99.900     3052.020    21456.090
     100.107      104.400     3052.020    21456.090
     102.109       99.900     3052.020    21456.090
     104.112      100.400     3052.020    21456.090
     106.114      100.400     3052.020    21456.090
     108.116       99.900     3052.020    21456.090
     110.116      100.000     3052.020    21456.090
     112.119       99.900     3052.020    21456.090
     114.121      100.400     3052.020    21456.090
     116.123       99.900     3052.020    21456.090
     118.125      100.400     3052.090    21456.090
     120.128       99.900     3052.090    21456.090
     122.130       99.900     3052.090    21456.090
     124.132      100.400     3052.090    21456.090
     126.132      100.000     3052.090    21456.090
     128.135       99.900     3052.090    21456.090
     130.137      100.400     3052.090    21456.090
     132.139       99.900     3052.090    21456.090
     134.141       99.900     3052.090    21456.090
     136.144      100.400     3052.090    21456.090
     138.144      101.000     3052.090    21456.090
     140.147       99.900     3052.090    21456.090
     142.149       99.900     3052.090    21456.090
     144.151      100.400     3052.090    21456.090
     146.153       99.900     3052.090    21456.090
     148.156       99.900     3052.090    21456.090
     150.158      100.400     3052.090    21456.090
     152.160       99.900     3052.090    21456.090
     154.160      100.000     3052.090    21456.090
     156.163       99.900     3052.090    21456.090
     158.165      100.400     3052.090    21456.090
     160.167       99.900     3052.090    21456.090
     162.169      100.400     3052.090    21456.090
     164.172       99.900     3052.090    21456.090
     166.174       99.900     3052.090    21456.090
     168.175       99.900     3052.090    21456.090
     170.177      100.400     3052.090    21456.090
     172.180       99.900     3052.090    21456.090
     174.180      100.000     3052.090    21456.090
     176.183       99.900     3052.090    21456.090
     178.184      100.400     3052.090    21456.090
     180.187       99.900     3052.090    21456.090
     182.188      100.400     3052.090    21456.090
     184.191       99.900     3052.090    21456.090
     186.193       99.900     3052.090    21456.090
     188.195      100.400     3052.090    21456.090
     190.197       99.900     3052.090    21456.090
     192.199       99.900     3052.090    21456.090
     194.202      100.400     3052.090    21456.090
     196.204       99.900     3052.090    21456.090
     198.206      100.400     3052.090    21456.090
     200.208      101.900     3052.152    21456.090
     202.211      100.400     3052.152    21456.090
     204.213       99.900     3052.152    21456.090
     206.215      100.900     3052.203    21456.090
     208.217      100.900     3052.203    21456.090
     210.219      103.900     3052.203    21456.090
     212.222      100.400     3052.203    21456.090
     214.224       99.900     3052.203    21456.090
     216.226       99.900     3052.203    21456.090
     218.228       99.900     3052.203    21456.090
     220.231       99.900     3052.203    21456.090
     222.233      100.400     3052.203    21456.090
     224.235       99.900     3052.203    21456.090
     226.237      100.400     3052.203    21456.090
     228.239       99.900     3052.203    21456.090
     230.242       99.900     3052.203    21456.090
     232.244       99.900     3052.203    21456.090
     234.246      100.400     3052.203    21456.090
     236.248       99.900     3052.203    21456.090
     238.251       99.900     3052.203    21456.090
     240.253      100.400     3052.203    21456.090
     242.255       99.900     3052.203    21456.090
     244.257      100.400     3052.203    21456.090
     246.259       99.900     3052.203    21456.090
     248.262       99.900     3052.203    21456.090
     250.264       99.900     3052.203    21456.090
     252.266      100.400     3052.203    21456.090
     254.268      100.400     3052.203    21456.090
     256.270       99.900     3052.203    21456.090
     258.273      100.400     3052.203    21456.090
     260.275       99.900     3052.203    21456.090
     262.277       99.900     3052.203    21456.090
     264.279      100.400     3052.203    21456.090
     266.282      100.900     3052.203    21456.090
     268.284       99.900     3052.203    21456.090
     270.286      100.400     3052.203    21456.090
     272.288       99.900     3052.203    21456.090
     274.290       99.900     3052.203    21456.090
     276.293      100.400     3052.203    21456.090
     278.295       99.900     3052.203    21456.090
     280.297      100.400     3052.203    21456.090
     282.299       99.900     3052.203    21456.090
     284.301       99.900     3052.203    21456.090
     286.304       99.900     3052.203    21456.090
     288.306       99.900     3052.203    21456.090
     290.308       99.900     3052.203    21456.090
     292.308      100.500     3052.203    21456.090
     294.311       99.900     3052.203    21456.090
     296.313      100.400     3052.203    21456.090
     298.315       99.900     3052.203    21456.090
     300.317       99.900     3052.203    21456.090
     302.319       99.900     3052.203    21456.090
     304.322      100.400     3052.203    21456.090
     306.324       99.900     3052.203    21456.090
     308.326       99.900     3052.203    21456.090
     310.328      100.400     3052.203    21456.090
     312.331       99.900     3052.203    21456.090
     314.332      100.400     3052.203    21456.090
     316.335      100.900     3052.270    21456.090
     318.337       99.900     3052.270    21456.090
     320.339       99.900     3052.270    21456.090
     322.341      100.400     3052.270    21456.090
     324.343       99.900     3052.270    21456.090
     326.346      100.400     3052.270    21456.090
     328.348       99.900     3052.270    21456.090
     330.350       99.900     3052.270    21456.090
     332.352      100.400     3052.270    21456.090
     334.353      100.000     3052.270    21456.090
     336.355       99.900     3052.270    21456.090
     338.356      100.000     3052.270    21456.090
     340.358      100.400     3052.270    21456.090
     342.360       99.900     3052.270    21456.090
     344.362       99.900     3052.270    21456.090
     346.365      100.400     3052.270    21456.090
     348.367       99.900     3052.270    21456.090
     350.369      100.400     3052.270    21456.090
     352.371       99.900     3052.270    21456.090
     354.373       99.900     3052.270    21456.090
     356.376       99.900     3052.270    21456.090
     358.378      100.400     3052.270    21456.090
     360.380       99.900     3052.270    21456.090
     362.380      100.500     3052.270    21456.090
     364.383       99.900     3052.270    21456.090
     366.384       99.900     3052.270    21456.090
     368.387       99.900     3052.270    21456.090
     370.389      100.400     3052.270    21456.090
     372.391       99.900     3052.270    21456.090
     374.393       99.900     3052.270    21456.090
     376.396      100.400     3052.270    21456.090
     378.398       99.900     3052.270    21456.090
     380.400       99.900     3052.270    21456.090
     382.401      100.500     3052.270    21456.090
     384.403       99.900     3052.270    21456.090
     386.405       99.900     3052.270    21456.090
     388.407       99.900     3052.270    21456.090
     390.408      100.500     3052.270    21456.090
     392.410       99.900     3052.270    21456.090
     394.413      100.400     3052.270    21456.090
     396.415       99.900     3052.270    21456.090
     398.417       99.900     3052.270    21456.090
     400.419       99.900     3052.270    21456.090
     402.422      100.400     3052.270    21456.090
     404.424       99.900     3052.270    21456.090
     406.426       99.900     3052.270    21456.090
     408.428      100.400     3052.270    21456.090
     410.428      100.000     3052.270    21456.090
     412.431       99.900     3052.270    21456.090
     414.432       99.900     3052.270    21456.090
     416.434      100.400     3052.270    21456.090
     418.436       99.900     3052.270    21456.090
     420.439       99.900     3052.270    21456.090
     422.441      100.400     3052.270    21456.090
     424.443       99.900     3052.270    21456.090
     426.445      100.400     3052.270    21456.090
     428.447       99.900     3052.270    21456.090
     430.450       99.900     3052.270    21456.090
     432.452       99.900     3052.270    21456.090
     434.454      100.400     3052.270    21456.090
     436.456       99.900     3052.270    21456.090
     438.459       99.900     3052.270    21456.090
     440.460      100.400     3052.270    21456.090
     442.463       99.900     3052.270    21456.090
     444.465      100.400     3052.270    21456.090
     446.467       99.900     3052.270    21456.090
     448.468       99.900     3052.270    21456.090
     450.471       99.900     3052.270    21456.090
     452.473      100.400     3052.270    21456.090
     454.475       99.900     3052.270    21456.090
     456.476      100.400     3052.270    21456.090
     458.479       99.900     3052.270    21456.090
     460.481       99.900     3052.270    21456.090
     462.483       99.900     3052.270    21456.090
     464.485      100.400     3052.270    21456.090
     466.487       99.900     3052.270    21456.090
     468.490      100.400     3052.270    21456.090
     470.492       99.400     3052.270    21456.090
     472.494      100.400     3052.270    21456.090
     474.496       99.900     3052.270    21456.090
     476.499      100.900     3052.270    21456.090
     478.501      100.400     3052.270    21456.090
     480.503       99.900     3052.270    21456.090
     482.505      100.400     3052.270    21456.090
     484.507       99.900     3052.270    21456.090
     486.510       99.900     3052.270    21456.090
     488.512       99.900     3052.270    21456.090
     490.512      100.500     3052.270    21456.090
     492.515       99.900     3052.270    21456.090
     494.516      100.400     3052.270    21456.090
     496.519       99.900     3052.270    21456.090
     498.521       99.900     3052.270    21456.090
     500.523       99.900     3052.270    21456.090
     502.525      100.400     3052.270    21456.090
     504.527       99.900     3052.270    21456.090
     506.529      100.400     3052.270    21456.090
     508.532       99.900     3052.270    21456.090
     510.534       99.900     3052.270    21456.090
     512.536       99.900     3052.270    21456.090
     514.538      100.400     3052.270    21456.090
     516.541      100.400     3052.270    21456.090
     518.543       99.900     3052.270    21456.090
     520.545       99.900     3052.270    21456.090
     522.547       99.900     3052.270    21456.090
     524.548      123.900     3165.008    21456.090
     526.551       99.900     3165.008    21456.090
     528.552       99.900     3165.008    21456.090
     530.555      100.400     3165.008    21456.090
     532.556       99.900     3165.008    21456.090
     534.559       99.900     3165.008    21456.090
     536.561      100.400     3165.008    21456.090
     538.563       99.900     3165.008    21456.090
     540.565       99.900     3165.008    21456.090
     542.568       99.900     3165.008    21456.090
     544.568      100.500     3165.008    21456.090
     546.571       99.900     3165.008    21456.090
     548.573       99.900     3165.008    21456.090
     550.575       99.900     3165.008    21456.090
     552.577      100.400     3165.008    21456.090
     554.580       99.900     3165.008    21456.090
     556.582       99.900     3165.008    21456.090
     558.584       99.900     3165.008    21456.090
     560.586      100.400     3165.008    21456.090
     562.588       99.900     3165.008    21456.090
     564.591       99.900     3165.008    21456.090
     566.593      100.400     3165.008    21456.090
     568.595       99.900     3165.008    21456.090
     570.597       99.900     3165.008    21456.090
     572.600       99.900     3165.008    21456.090
     574.600      100.500     3165.008    21456.090
     576.603       99.900     3165.008    21456.090
     578.605       99.900     3165.008    21456.090
     580.607       99.900     3165.008    21456.090
     582.609      100.400     3165.008    21456.090
     584.611       99.900     3165.008    21456.090
     586.613       99.900     3165.008    21456.090
     588.615       99.900     3165.008    21456.090
     590.617      100.400     3165.008    21456.090
     592.620       99.900     3165.008    21456.090
     594.622       99.900     3165.008    21456.090
     596.624       99.900     3165.008    21456.090
     598.626      100.400     3165.008    21456.090
     600.629       99.900     3165.008    21456.090
     602.631       99.900     3165.008    21456.090
     604.632      100.400     3165.008    21456.090
     606.635       99.900     3165.008    21456.090
     608.636       99.900     3165.008    21456.090
     610.639       99.900     3165.008    21456.090
     612.639      100.000     3165.008    21456.090
     614.640      100.400     3165.008    21456.090
     616.643       99.900     3165.008    21456.090
     618.645       99.900     3165.008    21456.090
     620.647      100.400     3165.008    21456.090
     622.649       99.900     3165.008    21456.090
     624.651       99.900     3165.008    21456.090
     626.653      100.400     3165.008    21456.090
     628.654       99.900     3165.008    21456.090
     630.656       99.900     3165.008    21456.090
     632.659       99.900     3165.008    21456.090
     634.660       99.900     3165.008    21456.090
     636.662      100.400     3165.008    21456.090
     638.664       99.900     3165.008    21456.090
     640.667       99.900     3165.008    21456.090
     642.669      100.400     3165.008    21456.090
     644.671       99.900     3165.008    21456.090
     646.673       99.900     3165.008    21456.090
     648.675       99.900     3165.008    21456.090
     650.678      100.400     3165.008    21456.090
     652.680       99.900     3165.008    21456.090
     654.682       99.900     3165.008    21456.090
     656.684      100.400     3165.008    21456.090
     658.687       99.900     3165.008    21456.090
     660.688       99.900     3165.008    21456.090
     662.690       99.900     3165.008    21456.090
     664.692      100.400     3165.008    21456.090
     666.695       99.900     3165.008    21456.090
     668.697      100.400     3165.008    21456.090
     670.699       99.900     3165.008    21456.090
     672.701       99.900     3165.008    21456.090
     674.703       99.900     3165.008    21456.090
     676.706      100.400     3165.008    21456.090
     678.708       99.900     3165.008    21456.090
     680.710      100.400     3165.008    21456.090
     682.712       99.900     3165.008    21456.090
     684.715       99.900     3165.008    21456.090
     686.717      100.400     3165.008    21456.090
     688.719      119.400     3165.008    21456.090
     690.721       99.900     3165.008    21456.090
     692.724       99.900     3165.008    21456.090
     694.724      100.000     3165.008    21456.090
     696.727       99.900     3165.008    21456.090
     698.729      100.400     3165.008    21456.090
     700.731       99.900     3165.008    21456.090
     702.733      100.400     3165.008    21456.090
     704.736       99.900     3165.008    21456.090
     706.738       99.900     3165.008    21456.090
     708.740       99.900     3165.008    21456.090
     710.740      100.500     3165.008    21456.090
     712.743       99.900     3165.008    21456.090
     714.745      100.400     3165.008    21456.090
     716.747       99.900     3165.008    21456.090
     718.749       99.900     3165.008    21456.090
     720.752       99.900     3165.008    21456.090
     722.754      100.400     3165.008    21456.090
     724.756       99.900     3165.008    21456.090
     726.758      100.400     3165.008    21456.090
     728.760       99.900     3165.008    21456.090
     730.763      100.400     3165.008    21456.090
     732.764       99.900     3165.008    21456.090
     734.767       99.900     3165.008    21456.090
     736.769      118.900     3165.418    21456.090
     738.771       99.900     3165.418    21456.090
     740.773      100.400     3165.418    21456.090
     742.776       99.900     3165.418    21456.090
     744.778       99.900     3165.418    21456.090
     746.780       99.900     3165.418    21456.090
     748.782      100.400     3165.418    21456.090
     750.784       99.900     3165.418    21456.090
     752.787      100.400     3165.418    21456.090
     754.789       99.900     3165.418    21456.090
     756.791       99.900     3165.418    21456.090
     758.793      100.400     3165.418    21456.090
     760.795       99.900     3165.418    21456.090
     762.798       99.900     3165.418    21456.090
     764.800      100.400     3165.418    21456.090
     766.802       99.900     3165.418    21456.090
     768.804      100.400     3165.418    21456.090
     770.807       99.900     3165.418    21456.090
     772.809       99.900     3165.418    21456.090
     774.811      100.400     3165.418    21456.090
     776.813       99.900     3165.418    21456.090
     778.816       99.900     3165.418    21456.090
     780.818      100.400     3165.418    21456.090
     782.820       99.900     3165.418    21456.090
     784.822       99.900     3165.418    21456.090
     786.824      118.900     3165.418    21456.090
     788.827       99.900     3165.418    21456.090
     790.829       99.900     3165.418    21456.090
     792.831       99.900     3165.418    21456.090
     794.833      100.400     3165.418    21456.090
     796.836       99.900     3165.418    21456.090
     798.838      100.400     3165.418    21456.090
     800.840       99.900     3165.418    21456.090
     802.842       99.900     3165.418    21456.090
     804.845      100.400     3165.418    21456.090
     806.847       99.900     3165.418    21456.090
     808.849       99.900     3165.418    21456.090
     810.851      100.400     3165.418    21456.090
     812.853       99.900     3165.418    21456.090
     814.856       99.900     3165.418    21456.090
     816.858      100.400     3165.418    21456.090
     818.860       99.900     3165.418    21456.090
     820.862      100.400     3165.418    21456.090
     822.865       99.900     3165.418    21456.090
     824.867       99.900     3165.418    21456.090
     826.869      100.400     3165.418    21456.090
     828.871       99.900     3165.418    21456.090
     830.872      113.900     3165.418    21456.090
     832.875      104.400     3165.418    21456.090
     834.877      100.400     3165.418    21456.090
     836.879      100.400     3165.418    21456.090
     838.881       99.900     3165.418    21456.090
     840.884       99.900     3165.418    21456.090
     842.886       99.900     3165.418    21456.090
     844.888       99.900     3165.418    21456.090
     846.890      100.400     3165.418    21456.090
     848.893       99.900     3165.418    21456.090
     850.895      100.400     3165.418    21456.090
     852.897       99.900     3165.418    21456.090
     854.899       99.900     3165.418    21456.090
     856.901      100.400     3165.418    21456.090
     858.904       99.900     3165.418    21456.090
     860.906       99.900     3165.418    21456.090
     862.908      100.400     3165.418    21456.090
     864.910       99.900     3165.418    21456.090
     866.913      100.400     3165.418    21456.090
     868.915       99.900     3165.418    21456.090
     870.917      100.400     3165.418    21456.090
     872.919       99.900     3165.418    21456.090
     874.922       99.900     3165.418    21456.090
     876.924      119.900     3165.539    21456.090
     878.924      100.500     3165.539    21456.090
     880.927       99.900     3165.539    21456.090
     882.927      100.000     3165.539    21456.090
     884.929      100.400     3165.539    21456.090
     886.931       99.900     3165.539    21456.090
     888.934       99.900     3165.539    21456.090
     890.936       99.900     3165.539    21456.090
     892.936      100.500     3165.539    21456.090
     894.939       99.900     3165.539    21456.090
     896.941      100.400     3165.539    21456.090
     898.943       99.900     3165.539    21456.090
     900.945       99.900     3165.539    21456.090
     902.948       99.900     3165.539    21456.090
     904.950      100.400     3165.539    21456.090
     906.952       99.900     3165.539    21456.090
     908.952      100.500     3165.539    21456.090
     910.955       99.900     3165.539    21456.090
     912.956       99.900     3165.539    21456.090
     914.959      100.400     3165.539    21456.090
     916.961       99.900     3165.539    21456.090
     918.963       99.900     3165.539    21456.090
     920.965      118.400     3165.539    21456.090
     922.968       99.900     3165.539    21456.090
     924.970      100.400     3165.539    21456.090
     926.972       99.900     3165.539    21456.090
     928.974      100.400     3165.539    21456.090
     930.976       99.900     3165.539    21456.090
     932.979       99.900     3165.539    21456.090
     934.981      100.400     3165.539    21456.090
     936.983       99.900     3165.539    21456.090
     938.985       99.900     3165.539    21456.090
     940.988      100.400     3165.539    21456.090
     942.990      100.400     3165.539    21456.090
     944.992       99.900     3165.539    21456.090
     946.994       99.900     3165.539    21456.090
     948.997      100.400     3165.539    21456.090
     950.999       99.900     3165.539    21456.090
     953.001      100.400     3165.574    21456.090
     955.002      100.000     3165.574    21456.090
     957.004       99.900     3165.574    21456.090
     959.006      100.400     3165.574    21456.090
     961.008      117.900     3165.832    21456.090
     963.011       99.900     3165.832    21456.090
     965.013       99.900     3165.832    21456.090
     967.015      100.400     3165.832    21456.090
     969.017       99.900     3165.832    21456.090
     971.020      126.900     3166.340    21456.090
     973.022      159.300     3166.379    21456.090
