# Elapsed time   CPU (%)     Real (MB)   Virtual (MB)
       0.000        0.000       39.266    19315.520
       2.002      220.800     1011.617    20813.699
       4.004       99.900     1012.207    20813.699
       6.006      100.400     1008.758    20813.699
       8.008      100.400     1008.758    20813.699
      10.010      100.900     1008.758    20813.699
      12.012      102.400     1008.758    20813.699
      14.014      102.900     1008.758    20813.699
      16.016      100.900     1008.758    20813.699
      18.018      100.400     1008.758    20813.699
      20.020       99.900     1008.758    20813.699
      22.023      168.300     1526.016    20881.730
      24.025      101.400     1526.016    20881.730
      26.026      100.900     1526.016    20881.730
      28.028      100.400     1526.016    20881.730
      30.030       99.900     1526.016    20881.730
      32.032       99.900     1526.016    20881.730
      34.034       99.900     1526.016    20881.730
      36.036      151.300     1537.906    20945.730
      38.038      149.900     1538.164    20945.730
      40.040      111.900     1538.164    20945.730
      42.043      113.400     1538.164    20945.730
      44.045      110.900     1538.164    20945.730
      46.046      114.400     1540.742    20945.730
      48.048      110.900     1540.742    20945.730
      50.051      113.900     1540.742    20945.730
      52.053      110.900     1536.273    20945.730
      54.055      170.800     1536.402    20945.730
      56.057      156.300     1541.301    20945.730
      58.060      154.800     1573.156    20947.746
      60.061      164.800     1573.156    20947.746
      62.064      112.400     1573.156    20947.746
      64.065      150.900     1683.207    20947.746
      66.066      153.900     1701.254    20947.746
      68.069      168.300     1701.770    20947.746
      70.071      171.300     1702.164    20947.746
      72.073      154.300     1702.422    20947.746
      74.075      171.300     1775.418    20947.746
      76.078      140.800     1956.402    20947.746
      78.078      123.500     1956.402    20947.746
      80.080      143.800     2025.754    20947.746
      82.083      139.800     2031.258    20947.746
      84.085      123.900     2180.531    20947.746
      86.086      102.400     2373.891    20947.746
      88.088      101.400     2403.539    20947.746
      90.091      139.800     2409.469    20947.746
      92.093      137.800     2409.719    20947.746
      94.095      102.400     2409.969    20947.746
      96.097       99.900     2409.969    20947.746
      98.098      100.000     2409.969    20947.746
     100.100       99.900     2409.969    20947.746
     102.103      100.900     2409.969    20947.746
     104.105      100.400     2409.969    20947.746
     106.107      101.400     2409.969    20947.746
     108.109       99.900     2409.969    20947.746
     110.110      100.500     2409.969    20947.746
     112.112       99.900     2409.969    20947.746
     114.114       99.900     2409.969    20947.746
     116.116      100.400     2409.969    20947.746
     118.118       99.900     2409.969    20947.746
     120.120      101.400     2409.969    20947.746
     122.122       99.900     2409.969    20947.746
     124.124       99.900     2409.969    20947.746
     126.126      100.400     2409.969    20947.746
     128.128       99.900     2409.969    20947.746
     130.131       99.900     2410.215    20947.746
     132.133      129.400     2410.215    20947.746
     134.134      100.900     2416.145    20947.746
     136.136      101.900     2416.145    20947.746
     138.138       99.900     2416.145    20947.746
     140.141       99.900     2416.145    20947.746
     142.143      100.400     2416.145    20947.746
     144.145       99.900     2416.145    20947.746
     146.147       99.900     2416.145    20947.746
     148.150      101.400     2416.145    20947.746
     150.152      101.400     2416.145    20947.746
     152.154      131.900     2416.348    20947.746
     154.156      104.400     2416.348    20947.746
     156.159      102.400     2416.348    20947.746
     158.161      101.400     2416.348    20947.746
     160.163      132.900     2416.348    20947.746
     162.165      102.900     2416.348    20947.746
     164.168      133.900     2416.348    20947.746
     166.170      104.900     2416.348    20947.746
     168.172      100.400     2416.348    20947.746
     170.174      130.900     2416.348    20947.746
     172.176      100.900     2416.348    20947.746
     174.178      100.400     2416.348    20947.746
     176.180      139.800     2416.348    20947.746
     178.182      101.900     2416.348    20947.746
     180.184       99.900     2416.348    20947.746
     182.187      100.400     2416.348    20947.746
     184.189       99.900     2416.348    20947.746
     186.191       99.900     2416.348    20947.746
     188.193      125.900     2416.348    20947.746
     190.195      107.900     2416.348    20947.746
     192.198      100.400     2416.348    20947.746
     194.198      100.000     2416.348    20947.746
     196.200       99.900     2416.348    20947.746
     198.201      100.900     2416.348    20947.746
     200.202      100.400     2416.348    20947.746
     202.204      133.400     2416.348    20947.746
     204.207      100.400     2416.348    20947.746
     206.209       99.900     2416.348    20947.746
     208.210       99.900     2416.348    20947.746
     210.212       99.900     2416.348    20947.746
     212.215      100.400     2416.348    20947.746
     214.217       99.900     2416.348    20947.746
     216.219      100.400     2416.348    20947.746
     218.221       99.900     2416.348    20947.746
     220.223       99.900     2416.348    20947.746
     222.226      128.400     2416.348    20947.746
     224.228      100.400     2416.348    20947.746
     226.230       99.900     2416.348    20947.746
     228.232       99.900     2416.348    20947.746
     230.235      100.400     2416.348    20947.746
     232.237       99.900     2416.348    20947.746
     234.238      131.400     2416.348    20947.746
     236.239      101.000     2416.348    20947.746
     238.241       99.900     2416.348    20947.746
     240.243      100.400     2416.348    20947.746
     242.245       99.900     2416.348    20947.746
     244.248      100.400     2416.348    20947.746
     246.250      130.400     2416.348    20947.746
     248.252       99.900     2416.348    20947.746
     250.254      100.400     2416.348    20947.746
     252.256       99.900     2416.348    20947.746
     254.259      100.400     2416.348    20947.746
     256.261      132.900     2416.348    20947.746
     258.262      100.400     2416.348    20947.746
     260.264       99.900     2416.348    20947.746
     262.266       99.900     2416.348    20947.746
     264.268       99.900     2416.348    20947.746
     266.270      100.400     2416.348    20947.746
     268.271       99.900     2416.348    20947.746
     270.274       99.900     2416.348    20947.746
     272.276      123.900     2416.348    20947.746
     274.278      103.900     2416.348    20947.746
     276.280       99.900     2416.359    21139.746
     278.282      133.400     2416.359    21139.746
     280.284      101.400     2416.359    21139.746
     282.285       99.900     2416.570    21139.746
     284.288       99.900     2416.570    21139.746
     286.290      100.400     2417.020    21139.746
     288.292      100.400     2417.020    21139.746
     290.294       99.900     2417.020    21139.746
     292.297       99.900     2417.020    21139.746
     294.298      100.400     2417.020    21139.746
     296.300      130.900     2417.234    21139.746
     298.303      103.400     2417.234    21139.746
     300.305       99.900     2417.234    21139.746
     302.307      100.400     2417.234    21139.746
     304.309       99.900     2417.234    21139.746
     306.311      133.400     2417.234    21139.746
     308.314       99.900     2417.234    21139.746
     310.316      100.400     2417.234    21139.746
     312.318       99.900     2417.234    21139.746
     314.320       99.900     2417.234    21139.746
     316.322      100.400     2417.234    21139.746
     318.324      129.900     2417.234    21139.746
     320.327      100.400     2417.234    21139.746
     322.329       99.900     2417.234    21139.746
     324.330      100.400     2417.234    21139.746
     326.332       99.900     2417.234    21139.746
     328.335       99.900     2417.234    21139.746
     330.337      133.400     2417.234    21139.746
     332.339      100.400     2417.234    21139.746
     334.341       99.900     2417.234    21139.746
     336.343       99.900     2417.234    21139.746
     338.346       99.900     2417.234    21139.746
     340.348      100.400     2417.234    21139.746
     342.350      128.400     2417.234    21139.746
     344.352      100.400     2417.234    21139.746
     346.355       99.900     2417.234    21139.746
     348.357       99.900     2417.234    21139.746
     350.359      100.400     2417.234    21139.746
     352.361      132.400     2418.773    21139.746
     354.362      100.500     2418.773    21139.746
     356.364       99.900     2418.773    21139.746
     358.366       99.900     2418.773    21139.746
     360.368       99.900     2418.773    21139.746
     362.370      100.400     2418.773    21139.746
     364.372      127.400     2418.773    21139.746
     366.375      100.400     2418.773    21139.746
     368.377       99.900     2418.773    21139.746
     370.378       99.900     2418.773    21139.746
     372.380       99.900     2418.773    21139.746
     374.383      100.400     2418.773    21139.746
     376.385       99.900     2418.773    21139.746
     378.387      100.400     2418.773    21139.746
     380.389       99.900     2418.773    21139.746
     382.391       99.900     2418.773    21139.746
     384.394      132.400     2418.773    21139.746
     386.396      100.400     2418.773    21139.746
     388.398       99.900     2418.773    21139.746
     390.400       99.900     2418.773    21139.746
     392.402      100.400     2418.773    21139.746
     394.404       99.900     2418.773    21139.746
     396.406      100.400     2418.773    21139.746
     398.408       99.900     2418.773    21139.746
     400.411       99.900     2418.773    21139.746
     402.413       99.900     2418.773    21139.746
     404.415      100.400     2418.773    21139.746
     406.417       99.900     2418.773    21139.746
     408.420       99.900     2418.773    21139.746
     410.422      127.400     2418.773    21139.746
     412.424       99.900     2418.773    21139.746
     414.426      100.400     2418.773    21139.746
     416.429       99.900     2418.773    21139.746
     418.431       99.900     2418.773    21139.746
     420.433      100.400     2418.773    21139.746
     422.435       99.900     2418.773    21139.746
     424.437      100.400     2418.773    21139.746
     426.440      132.400     2418.773    21139.746
     428.442      100.400     2418.773    21139.746
     430.444       99.900     2418.773    21139.746
     432.446       99.900     2418.773    21139.746
     434.448      100.400     2418.773    21139.746
     436.450       99.900     2418.773    21139.746
     438.452      132.400     2418.773    21139.746
     440.454       99.900     2418.773    21139.746
     442.456       99.900     2418.773    21139.746
     444.459      100.400     2418.773    21139.746
     446.461       99.900     2418.773    21139.746
     448.463      132.900     2418.773    21139.746
     450.465       99.900     2418.773    21139.746
     452.467      100.400     2418.773    21139.746
     454.470      131.400     2418.773    21139.746
     456.472       99.900     2418.773    21139.746
     458.474       99.900     2418.773    21139.746
     460.476      132.900     2418.773    21139.746
     462.478       99.900     2418.773    21139.746
     464.480       99.900     2418.773    21139.746
     466.482      100.400     2418.773    21139.746
     468.484      129.900     2418.773    21139.746
     470.487       99.900     2418.773    21139.746
     472.489       99.900     2418.773    21139.746
     474.491      100.400     2418.773    21139.746
     476.493      132.400     2418.773    21139.746
     478.495       99.900     2418.773    21139.746
     480.498       99.900     2418.773    21139.746
     482.500      128.900     2418.773    21139.746
     484.502      100.400     2418.773    21139.746
     486.504       99.900     2418.773    21139.746
     488.507       99.900     2418.773    21139.746
     490.509      132.900     2418.773    21139.746
