# Elapsed time   CPU (%)     Real (MB)   Virtual (MB)
       0.000        0.000       39.305    19315.520
       2.000      175.000     1065.906    20420.633
       4.003      147.800     1711.004    20424.664
       6.004      151.400     2415.465    20556.695
       8.007      176.800     2677.871    20880.727
      10.008      126.900     2674.664    20880.727
      12.011      128.900     2674.664    20880.727
      14.012      125.900     2674.664    20880.727
      16.013      125.900     2671.586    20880.727
      18.016      129.900     2671.844    20880.727
      20.018      128.400     2671.844    20880.727
      22.020      126.900     2671.844    20880.727
      24.022      126.400     2671.844    20880.727
      26.025      125.900     2671.844    20880.727
      28.027      126.400     2671.844    20880.727
      30.029      127.400     2672.102    20880.727
      32.031      126.900     2672.102    20880.727
      34.032      127.900     2672.102    20880.727
      36.035      127.400     2672.102    20880.727
      38.036      127.900     2672.102    20880.727
      40.039      127.900     2672.102    20880.727
      42.041      128.900     2672.102    20880.727
      44.043      126.900     2672.102    20880.727
      46.044      174.900     2673.383    20880.727
      48.045      147.000     2673.383    20880.727
      50.047      145.300     2673.383    20880.727
      52.050      145.300     2673.383    20880.727
      54.052      145.300     2673.383    20880.727
      56.054      144.800     2673.383    20880.727
      58.055      145.400     2673.383    20880.727
      60.056      146.400     2673.383    20880.727
      62.059      145.800     2673.383    20880.727
      64.060      145.400     2673.383    20880.727
      66.063      143.800     2673.383    20880.727
      68.064      143.900     2673.383    20880.727
      70.067      143.800     2673.383    20880.727
      72.069      145.300     2673.383    20880.727
      74.071      143.800     2673.383    20880.727
      76.074      143.800     2673.383    20880.727
      78.076      143.300     2673.383    20880.727
      80.078      144.800     2673.383    20880.727
      82.080      144.300     2673.383    20880.727
      84.082      144.400     2673.383    20880.727
      86.084      144.300     2673.383    20880.727
      88.084      144.400     2673.383    20880.727
      90.087      144.800     2673.383    20880.727
      92.089      146.300     2673.383    20880.727
      94.091      144.300     2673.383    20880.727
      96.092      145.900     2673.383    20880.727
      98.095      146.300     2673.383    20880.727
     100.096      170.900     2679.523    20880.727
     102.099      105.400     2680.520    20880.727
     104.100      100.400     2680.520    20880.727
     106.103       99.900     2680.520    20880.727
     108.105      100.400     2680.520    20880.727
     110.107       99.900     2680.520    20880.727
     112.109      100.400     2680.520    20880.727
     114.112       99.900     2680.520    20880.727
     116.114      101.400     2680.520    20880.727
     118.116       99.900     2680.520    20880.727
     120.116      100.000     2680.520    20880.727
     122.119       99.900     2680.520    20880.727
     124.121      100.400     2680.520    20880.727
     126.123       99.900     2680.520    20880.727
     128.124      100.400     2680.520    20880.727
     130.127      100.900     2680.520    20880.727
     132.128       99.900     2680.520    20880.727
     134.131       99.900     2680.520    20880.727
     136.133      100.400     2680.520    20880.727
     138.135       99.900     2680.520    20880.727
     140.137      100.900     2680.520    20880.727
     142.140       99.900     2680.520    20880.727
     144.142      100.400     2680.520    20880.727
     146.144       99.900     2680.520    20880.727
     148.144      100.000     2680.520    20880.727
     150.147      101.900     2680.520    20880.727
     152.147      100.000     2680.520    20880.727
     154.148      100.400     2680.520    20880.727
     156.151       99.900     2680.520    20880.727
     158.152       99.900     2680.520    20880.727
     160.155       99.900     2680.520    20880.727
     162.157      100.400     2680.520    20880.727
     164.159       99.400     2680.520    20880.727
     166.161      100.400     2680.520    20880.727
     168.164       99.900     2680.520    20880.727
     170.166      100.400     2680.520    20880.727
     172.167      100.000     2680.520    20880.727
     174.169      255.700     2746.016    21010.742
     176.171      139.300     2747.027    21010.742
     178.172      138.400     2747.027    21010.742
     180.175      139.300     2747.027    21010.742
     182.177      137.800     2747.027    21010.742
     184.179      137.800     2747.027    21010.742
     186.181      137.800     2747.027    21010.742
     188.184      137.800     2747.027    21010.742
     190.186      138.300     2747.027    21010.742
     192.188      137.300     2747.027    21010.742
     194.188      140.000     2747.027    21010.742
     196.191      137.300     2747.027    21010.742
     198.192      212.300     2747.418    21010.742
     200.195      137.300     2747.418    21010.742
     202.197      137.300     2747.418    21010.742
     204.199      136.800     2747.418    21010.742
     206.201      135.800     2747.418    21010.742
     208.204      136.300     2747.418    21010.742
     210.206      136.300     2747.418    21010.742
     212.208      136.800     2747.418    21010.742
     214.210      136.800     2747.418    21010.742
     216.213      137.800     2747.418    21010.742
     218.215      137.300     2747.418    21010.742
     220.216      136.900     2747.418    21010.742
     222.219      137.300     2747.418    21010.742
     224.220      137.900     2747.418    21010.742
     226.223      137.300     2747.418    21010.742
     228.224      136.400     2747.418    21010.742
     230.227      137.300     2747.418    21010.742
     232.228      137.400     2747.418    21010.742
     234.231      137.300     2747.418    21010.742
     236.232      136.900     2747.418    21010.742
     238.235      137.300     2747.418    21010.742
     240.236      137.400     2747.418    21010.742
     242.238      136.900     2747.418    21010.742
     244.240      139.800     2747.418    21010.742
     246.242      136.800     2747.418    21010.742
     248.244      137.800     2747.418    21010.742
     250.247      141.800     2747.418    21010.742
     252.248      140.400     2747.418    21010.742
     254.251      136.800     2747.418    21010.742
     256.253      137.300     2747.418    21010.742
     258.255      136.800     2747.418    21010.742
     260.256      137.400     2747.418    21010.742
     262.259      137.300     2747.418    21010.742
     264.260      136.900     2747.418    21010.742
     266.263      138.300     2747.418    21010.742
     268.264      136.900     2747.418    21010.742
     270.266      136.900     2747.418    21010.742
     272.268      139.300     2747.883    21010.742
     274.270       99.900     2747.883    21010.742
     276.272      100.400     2747.883    21010.742
     278.275      100.400     2747.883    21010.742
     280.277      100.400     2747.883    21010.742
     282.279       99.900     2747.883    21010.742
     284.281      100.400     2747.883    21010.742
     286.284      148.300     2748.656    21010.742
     288.286      162.300     2773.148    21010.742
     290.288      127.900     2773.148    21010.742
     292.290      128.400     2773.148    21010.742
     294.293      127.900     2773.148    21010.742
     296.295      174.800     2773.148    21010.742
     298.297      113.900     2773.148    21010.742
     300.299      111.900     2773.148    21010.742
     302.302      112.400     2773.148    21010.742
     304.304      111.400     2773.148    21010.742
     306.306      111.900     2773.148    21010.742
     308.308      111.900     2773.148    21010.742
     310.311      112.400     2773.148    21010.742
     312.313      106.900     2773.148    21010.742
     314.315       99.900     2773.148    21010.742
     316.317      100.900     2773.148    21010.742
     318.320      228.700     2773.812    21010.742
     320.322      143.300     2773.812    21010.742
     322.324      183.800     2773.812    21010.742
     324.324      131.000     2773.812    21010.742
     326.327      130.400     2773.812    21010.742
     328.328      125.900     2773.812    21010.742
     330.331      207.300     2774.285    21010.742
     332.333      169.300     2774.285    21010.742
     334.335      100.400     2774.285    21010.742
     336.337      332.100     2774.543    21010.742
     338.340      135.800     3023.375    21010.742
     340.342      181.800     3435.789    21010.742
     342.343      161.000     3436.047    21010.742
     344.345      185.800     3517.234    21010.742
     346.347      147.300     4483.766    21010.742
     348.349      128.900     4483.766    21010.742
     350.352      104.900     4483.766    21010.742
     352.354       99.900     4483.766    21010.742
     354.356      100.400     4483.766    21010.742
     356.358      171.800     4793.656    21010.742
     358.361      103.400     4793.656    21010.742
     360.363      100.400     4793.656    21010.742
     362.365       99.900     4793.656    21010.742
     364.367       99.900     4793.656    21010.742
     366.369      148.800     4793.656    21010.742
     368.372      101.400     4793.656    21010.742
     370.374      181.300     4881.570    21010.742
     372.376      101.400     4881.570    21010.742
     374.376      100.500     4881.570    21010.742
     376.379      170.800     4881.570    21010.742
     378.381      100.400     4881.570    21010.742
     380.383       99.900     4881.570    21010.742
     382.385      100.400     4881.570    21010.742
     384.388      168.800     4881.570    21010.742
     386.390       99.900     4881.570    21010.742
     388.392      100.400     4881.570    21010.742
     390.394       99.900     4881.570    21010.742
     392.397      167.300     4881.570    21010.742
     394.399       99.900     4881.570    21010.742
     396.401       99.900     4881.570    21010.742
     398.403      169.300     4881.570    21010.742
     400.406       99.900     4881.570    21010.742
     402.408      100.400     4881.570    21010.742
     404.408      102.500     4881.570    21010.742
     406.411      163.300     4881.570    21010.742
     408.413      102.400     4881.570    21010.742
     410.415       99.900     4881.570    21010.742
     412.416      100.000     4881.570    21010.742
     414.418      100.400     4881.570    21010.742
     416.420       99.900     4881.570    21010.742
     418.423      172.800     4941.617    21010.742
     420.424      100.400     4941.617    21010.742
     422.427      101.400     4941.617    21010.742
     424.428      100.400     4941.617    21010.742
     426.431      163.300     4941.617    21010.742
     428.433      102.900     4941.617    21010.742
     430.434      100.500     4941.617    21010.742
     432.436       99.900     4941.617    21010.742
     434.438      176.800     4941.617    21010.742
     436.440       99.900     4941.617    21010.742
     438.443       99.900     4941.617    21010.742
     440.444      100.400     4941.617    21010.742
     442.447       99.900     4941.617    21010.742
     444.448      101.400     4941.617    21010.742
     446.451       99.900     4941.617    21010.742
     448.452       99.900     4941.617    21010.742
     450.455      101.400     4941.617    21010.742
     452.456      100.400     4941.617    21010.742
     454.459       99.900     4941.617    21010.742
     456.461      100.400     4941.617    21010.742
     458.463       99.900     4941.617    21010.742
     460.464       99.900     4941.617    21010.742
     462.467      100.400     4941.617    21010.742
     464.469      163.800     4941.617    21010.742
     466.471      102.900     4941.617    21010.742
     468.472      100.400     4941.617    21010.742
     470.475       99.900     4941.617    21010.742
     472.477      100.400     4941.617    21010.742
     474.479       99.900     4941.617    21010.742
     476.481      168.300     4941.617    21010.742
     478.484      108.400     4941.617    21010.742
     480.486      101.400     4941.617    21010.742
     482.488       99.900     4941.617    21010.742
     484.490      169.300     4941.617    21010.742
     486.493      100.400     4941.617    21010.742
     488.494       99.900     4941.617    21010.742
     490.496      100.400     4941.617    21010.742
     492.499       99.900     4941.617    21010.742
     494.500      159.900     4941.617    21010.742
     496.503      108.400     4941.617    21010.742
     498.505      100.400     4941.617    21010.742
     500.507       99.900     4941.617    21010.742
     502.509      167.400     4941.617    21010.742
     504.511      100.400     4941.617    21010.742
     506.513      100.400     4941.617    21010.742
     508.515       99.900     4941.617    21010.742
     510.518      175.300     4941.617    21010.742
     512.518      101.500     4941.617    21010.742
     514.521      100.400     4941.617    21010.742
     516.523      166.800     4941.617    21010.742
     518.525      101.400     4941.617    21010.742
     520.527      100.400     4941.617    21010.742
     522.529       99.900     4941.617    21010.742
     524.532       99.900     4941.617    21010.742
     526.534      100.400     4941.617    21010.742
     528.536       99.900     4941.617    21010.742
     530.538       99.900     4941.617    21010.742
     532.541      100.400     4941.617    21010.742
     534.543       99.900     4941.617    21010.742
     536.544      128.400     4941.617    21010.742
     538.547      146.300     4941.617    21010.742
     540.548       99.900     4941.617    21010.742
     542.551       99.900     4941.617    21010.742
     544.553      171.300     4941.617    21010.742
     546.555       99.900     4941.617    21010.742
     548.557      100.400     4941.617    21010.742
     550.560      171.300     4941.617    21010.742
     552.560      100.500     4941.617    21010.742
     554.563      150.300     4941.617    21010.742
     556.564      117.400     4941.617    21010.742
     558.566       99.900     4941.617    21010.742
     560.568      102.400     4941.617    21010.742
     562.568      100.000     4941.617    21010.742
     564.571      100.400     4941.617    21010.742
     566.572      100.400     4941.617    21010.742
     568.575       99.400     4941.617    21010.742
     570.576      100.400     4941.617    21010.742
     572.579      174.800     4941.617    21010.742
     574.580       99.900     4941.617    21010.742
     576.583      100.400     4941.793    21138.742
     578.584      166.400     4941.793    21138.742
     580.587       99.900     4941.793    21138.742
     582.588      100.400     4942.035    21138.742
     584.591       99.900     4942.035    21138.742
     586.592       99.900     4942.082    21138.742
     588.595       99.900     4942.082    21138.742
     590.596      171.300     4942.082    21138.742
     592.599       99.900     4942.082    21138.742
     594.601      100.400     4942.082    21138.742
     596.603      165.800     4942.082    21138.742
     598.605      102.400     4942.082    21138.742
     600.608       99.900     4942.082    21138.742
     602.610      100.400     4942.082    21138.742
     604.612       99.900     4942.082    21138.742
     606.614      178.800     4942.082    21138.742
     608.617      101.900     4942.082    21138.742
     610.619       99.900     4942.082    21138.742
     612.621      167.800     4942.340    21138.742
     614.623       99.900     4942.340    21138.742
     616.624      100.400     4943.734    21138.742
     618.627       99.900     4943.734    21138.742
     620.629      100.400     4943.734    21138.742
     622.631       99.900     4943.734    21138.742
     624.633      100.400     4943.734    21138.742
     626.636       99.900     4943.734    21138.742
     628.638       99.900     4943.734    21138.742
     630.640       99.900     4943.734    21138.742
     632.640      100.500     4943.734    21138.742
     634.643       99.900     4943.734    21138.742
     636.645       99.900     4943.734    21138.742
     638.647      100.400     4943.734    21138.742
     640.649       99.900     4943.734    21138.742
     642.652       99.900     4943.734    21138.742
     644.654       99.900     4943.734    21138.742
     646.656       99.900     4943.734    21138.742
     648.658      100.400     4943.734    21138.742
     650.661       99.900     4943.734    21138.742
     652.663      100.400     4943.734    21138.742
     654.665       99.900     4943.734    21138.742
     656.667       99.900     4943.734    21138.742
     658.670      100.400     4943.734    21138.742
     660.672       99.900     4943.734    21138.742
     662.672      100.500     4943.734    21138.742
     664.675       99.900     4943.734    21138.742
     666.676       99.900     4943.734    21138.742
     668.679      100.400     4943.734    21138.742
     670.681       99.900     4943.734    21138.742
     672.683      100.400     4943.734    21138.742
     674.685       99.900     4943.734    21138.742
     676.688       99.900     4943.734    21138.742
     678.690       99.900     4943.734    21138.742
     680.692       99.900     4943.734    21138.742
     682.694      100.400     4943.734    21138.742
     684.697       99.900     4943.734    21138.742
     686.699       99.900     4943.734    21138.742
     688.701      100.400     4943.734    21138.742
     690.703       99.900     4943.734    21138.742
     692.706       99.900     4943.734    21138.742
     694.708       99.900     4943.734    21138.742
     696.710      100.400     4943.734    21138.742
     698.712       99.900     4943.734    21138.742
     700.715      100.400     4943.734    21138.742
     702.717       99.900     4943.734    21138.742
     704.719       99.900     4943.734    21138.742
     706.721      100.400     4943.734    21138.742
     708.724       99.900     4943.734    21138.742
     710.726       99.900     4943.734    21138.742
     712.728      100.400     4943.734    21138.742
     714.731       99.900     4943.734    21138.742
     716.733      100.400     4943.734    21138.742
     718.735       99.900     4943.734    21138.742
     720.737       99.900     4943.734    21138.742
     722.740       99.900     4943.734    21138.742
     724.742      100.400     4943.734    21138.742
     726.744       99.900     4943.734    21138.742
     728.746      100.400     4943.734    21138.742
     730.749       99.900     4943.734    21138.742
     732.751       99.900     4943.734    21138.742
     734.753      100.400     4943.734    21138.742
     736.755      100.400     4943.734    21138.742
     738.758       99.900     4943.734    21138.742
     740.760       99.900     4943.734    21138.742
     742.762      100.400     4943.734    21138.742
     744.765       99.900     4943.734    21138.742
     746.767       99.900     4943.734    21138.742
     748.769      100.400     4943.734    21138.742
     750.771       99.900     4943.734    21138.742
     752.773      100.400     4943.734    21138.742
     754.776       99.900     4943.734    21138.742
     756.778       99.900     4943.734    21138.742
     758.780      101.900     4943.734    21138.742
     760.783       99.900     4943.734    21138.742
     762.785       99.900     4943.734    21138.742
     764.787       99.900     4943.734    21138.742
     766.789      100.400     4943.734    21138.742
     768.792       99.900     4943.734    21138.742
     770.794      100.400     4943.734    21138.742
     772.796       99.900     4943.734    21138.742
     774.798       99.900     4943.734    21138.742
     776.801      100.400     4943.734    21138.742
     778.803       99.900     4943.734    21138.742
     780.805      100.400     4943.734    21138.742
     782.807      100.400     4943.734    21138.742
     784.810       99.900     4943.734    21138.742
     786.812       99.900     4943.734    21138.742
     788.814      100.400     4943.734    21138.742
     790.816       99.900     4943.734    21138.742
     792.819      100.400     4943.734    21138.742
     794.821       99.900     4943.734    21138.742
     796.823       99.900     4943.734    21138.742
     798.825      100.400     4943.734    21138.742
     800.828       99.900     4943.734    21138.742
     802.830      100.400     4943.734    21138.742
     804.832       99.900     4943.734    21138.742
     806.834       99.900     4943.734    21138.742
     808.837      100.400     4943.734    21138.742
     810.839       99.900     4943.734    21138.742
     812.841      100.400     4943.734    21138.742
     814.844       99.900     4943.734    21138.742
     816.846       99.900     4943.734    21138.742
     818.848       99.900     4943.734    21138.742
     820.850      100.400     4943.734    21138.742
     822.853       99.900     4943.734    21138.742
     824.855      100.400     4943.734    21138.742
     826.857       99.900     4943.734    21138.742
     828.859      100.400     4943.734    21138.742
     830.860      100.000     4943.734    21138.742
     832.862      100.400     4943.734    21138.742
     834.865       99.900     4943.734    21138.742
     836.866       99.900     4943.734    21138.742
     838.869      100.400     4943.734    21138.742
     840.871       99.900     4943.734    21138.742
     842.873       99.900     4943.734    21138.742
     844.875       99.900     4943.734    21138.742
     846.876      100.400     4943.734    21138.742
     848.879       99.900     4943.734    21138.742
     850.880       99.900     4943.734    21138.742
     852.883      171.300     4943.734    21138.742
     854.884      100.400     4943.734    21138.742
     856.887       99.900     4943.734    21138.742
     858.888       99.900     4943.734    21138.742
     860.891      100.400     4943.734    21138.742
     862.893       99.900     4943.734    21138.742
     864.895       99.900     4943.734    21138.742
     866.897      102.400     4943.734    21138.742
     868.900       99.900     4943.734    21138.742
     870.902      100.400     4943.734    21138.742
     872.904       99.900     4943.734    21138.742
     874.906       99.900     4943.734    21138.742
     876.909      100.400     4943.734    21138.742
     878.911       99.900     4943.734    21138.742
     880.913      100.400     4943.734    21138.742
     882.915       99.900     4943.734    21138.742
     884.917       99.900     4943.734    21138.742
     886.920       99.900     4943.734    21138.742
     888.922      100.400     4943.734    21138.742
     890.924       99.900     4943.734    21138.742
     892.926      100.400     4943.734    21138.742
     894.929       99.900     4943.734    21138.742
     896.931      100.400     4943.734    21138.742
     898.933       99.900     4943.734    21138.742
     900.935       99.900     4943.734    21138.742
     902.938      144.800     4943.734    21138.742
     904.940       99.900     4943.734    21138.742
     906.942       99.900     4943.734    21138.742
     908.944       99.900     4943.734    21138.742
     910.947       99.900     4943.734    21138.742
     912.948      100.900     4943.734    21138.742
     914.951      100.400     4943.734    21138.742
     916.953      100.400     4943.734    21138.742
     918.955       99.900     4943.734    21138.742
     920.957       99.900     4943.734    21138.742
     922.960      100.400     4943.734    21138.742
     924.962       99.900     4943.734    21138.742
     926.964      172.300     4943.734    21138.742
     928.966      100.400     4943.734    21138.742
     930.969      100.400     4943.734    21138.742
     932.971      171.800     4943.992    21138.742
     934.973      100.400     4943.992    21138.742
     936.975       99.900     4943.992    21138.742
     938.977      100.400     4943.992    21138.742
     940.980       99.900     4943.992    21138.742
     942.982      173.300     4943.992    21138.742
     944.984      100.400     4943.992    21138.742
     946.987       99.900     4943.992    21138.742
     948.989      100.400     4943.992    21138.742
     950.991      167.800     4943.992    21138.742
     952.993      103.900     4943.992    21138.742
     954.996       99.900     4943.992    21138.742
     956.998      171.300     4944.250    21138.742
     959.000       99.900     4944.250    21138.742
     961.002       99.900     4944.250    21138.742
     963.005      100.400     4944.250    21138.742
     965.007      169.300     4944.250    21138.742
     967.009      100.400     4944.250    21138.742
     969.011       99.400     4944.250    21138.742
     971.014      100.400     4944.250    21138.742
     973.016      178.300     4944.250    21138.742
     975.018      101.900     4944.250    21138.742
     977.020       99.900     4944.250    21138.742
     979.023      100.400     4944.250    21138.742
     981.025       99.900     4944.250    21138.742
     983.027       99.900     4944.250    21138.742
     985.029      166.800     4944.250    21138.742
     987.032       99.900     4944.250    21138.742
     989.034      100.400     4944.355    21138.742
     991.036      100.400     4944.355    21138.742
     993.038      100.400     4944.355    21138.742
     995.041       99.900     4944.355    21138.742
     997.043      171.300     4944.355    21138.742
     999.045      102.400     4944.355    21138.742
    1001.048       99.900     4944.355    21138.742
    1003.050      166.300     4944.355    21138.742
    1005.052      103.400     4944.355    21138.742
    1007.054       99.900     4944.355    21138.742
    1009.056       99.900     4944.355    21138.742
    1011.058      172.800     4944.355    21138.742
    1013.060      100.400     4944.355    21138.742
    1015.061      102.000     4944.355    21138.742
    1017.063       99.900     4944.355    21138.742
    1019.066      166.300     4944.355    21138.742
    1021.068      100.400     4944.355    21138.742
    1023.070       99.900     4944.355    21138.742
    1025.072      100.400     4944.355    21138.742
    1027.073      100.500     4944.555    21138.742
    1029.075       99.900     4944.555    21138.742
    1031.078      175.300     4944.555    21138.742
    1033.080       99.900     4944.555    21138.742
    1035.082      166.300     4944.555    21138.742
    1037.084      103.400     4944.555    21138.742
    1039.087       99.900     4944.555    21138.742
    1041.089      100.400     4944.555    21138.742
    1043.091      100.400     4944.555    21138.742
    1045.092      171.900     4944.555    21138.742
    1047.095      101.900     4944.555    21138.742
    1049.097       99.900     4944.555    21138.742
    1051.099       99.900     4944.555    21138.742
    1053.101      100.400     4944.555    21138.742
    1055.104       99.900     4944.555    21138.742
    1057.106       99.900     4944.555    21138.742
    1059.108      100.400     4944.555    21138.742
    1061.110      166.800     4944.602    21138.742
    1063.112       99.900     4944.602    21138.742
    1065.115       99.900     4944.602    21138.742
    1067.117      100.400     4944.602    21138.742
    1069.119       99.900     4944.602    21138.742
    1071.120      102.400     4944.602    21138.742
    1073.123       99.900     4944.602    21138.742
    1075.124      100.400     4944.602    21138.742
    1077.125      100.000     4944.602    21138.742
    1079.127       99.900     4944.602    21138.742
    1081.129       99.900     4944.602    21138.742
    1083.131       99.900     4944.602    21138.742
    1085.134      100.400     4944.602    21138.742
    1087.136      101.400     4944.602    21138.742
    1089.138      100.400     4944.602    21138.742
    1091.140      100.400     4944.602    21138.742
    1093.143       99.900     4944.602    21138.742
    1095.145       99.900     4944.602    21138.742
    1097.147      100.400     4944.602    21138.742
    1099.149       99.900     4944.602    21138.742
    1101.152      172.800     4944.602    21138.742
    1103.152      100.500     4944.602    21138.742
    1105.155       99.900     4944.602    21138.742
    1107.157       99.900     4944.602    21138.742
    1109.159      166.300     4944.602    21138.742
    1111.161      101.400     4944.602    21138.742
    1113.164       99.900     4944.602    21138.742
    1115.166      100.400     4944.602    21138.742
    1117.168      100.400     4944.602    21138.742
    1119.170      175.300     4944.602    21138.742
    1121.173      100.400     4944.602    21138.742
    1123.175       99.900     4944.602    21138.742
    1125.177      170.800     4944.602    21138.742
    1127.180       99.900     4944.602    21138.742
    1129.182      100.400     4944.602    21138.742
    1131.184       99.900     4944.602    21138.742
    1133.186      174.300     4944.602    21138.742
    1135.189       99.900     4944.602    21138.742
    1137.191      100.400     4944.602    21138.742
    1139.193      100.400     4944.602    21138.742
    1141.195       99.900     4944.602    21138.742
    1143.198       99.900     4944.602    21138.742
    1145.200      100.400     4944.602    21138.742
    1147.202      169.800     4944.602    21138.742
    1149.204       99.900     4944.602    21138.742
    1151.206       99.900     4944.602    21138.742
    1153.208      100.400     4944.602    21138.742
    1155.211      166.300     4944.602    21138.742
    1157.213      100.400     4944.602    21138.742
    1159.215       99.900     4944.602    21138.742
    1161.216      170.400     4944.602    21138.742
    1163.219      100.400     4944.602    21138.742
    1165.220      100.400     4944.602    21138.742
    1167.223      100.400     4944.602    21138.742
    1169.225      100.400     4944.602    21138.742
    1171.227      173.800     4944.602    21138.742
    1173.229      100.400     4944.602    21138.742
    1175.232      100.400     4944.602    21138.742
    1177.232      100.500     4944.602    21138.742
    1179.235      167.800     4944.602    21138.742
    1181.237       99.900     4944.602    21138.742
    1183.239      100.400     4944.602    21138.742
    1185.240      166.900     4944.602    21138.742
    1187.243       99.900     4944.602    21138.742
    1189.245      100.400     4944.602    21138.742
    1191.247       99.900     4944.602    21138.742
    1193.248      100.400     4944.602    21138.742
    1195.251       99.900     4944.602    21138.742
    1197.252      168.400     4944.602    21138.742
    1199.254       99.900     4944.602    21138.742
    1201.256      100.400     4944.602    21138.742
    1203.259      100.400     4944.602    21138.742
    1205.261      100.400     4944.602    21138.742
    1207.263       99.900     4944.602    21138.742
    1209.264       99.900     4944.602    21138.742
    1211.267      100.900     4944.602    21138.742
    1213.268      101.900     4944.602    21138.742
    1215.271       99.900     4944.602    21138.742
    1217.273      174.800     4944.602    21138.742
    1219.275      101.400     4944.602    21138.742
    1221.277      100.900     4944.602    21138.742
    1223.280      167.800     4944.602    21138.742
    1225.282       99.900     4944.602    21138.742
    1227.284       99.900     4944.602    21138.742
    1229.286      100.400     4944.602    21138.742
    1231.289      168.800     4944.602    21138.742
    1233.291       99.900     4944.602    21138.742
    1235.293      100.400     4944.602    21138.742
    1237.295       99.900     4944.602    21138.742
    1239.298      169.800     4944.602    21138.742
    1241.300       99.900     4944.602    21138.742
    1243.300      100.500     4944.602    21138.742
    1245.303       99.900     4944.602    21138.742
    1247.305       99.900     4944.602    21138.742
    1249.307      100.400     4944.602    21138.742
    1251.309       99.900     4944.602    21138.742
    1253.312      174.800     4944.602    21138.742
    1255.314      102.400     4944.602    21138.742
    1257.316      100.400     4944.602    21138.742
    1259.318      171.300     4944.602    21138.742
    1261.320       99.900     4944.602    21138.742
    1263.323       99.900     4944.715    21138.742
    1265.325      145.300     4944.715    21138.742
    1267.327      124.400     4944.715    21138.742
    1269.328      100.900     4944.715    21138.742
    1271.331      100.900     4944.715    21138.742
    1273.333       99.900     4944.715    21138.742
    1275.335      100.400     4944.715    21138.742
    1277.337      167.800     4944.715    21138.742
    1279.340       99.900     4944.715    21138.742
    1281.342       99.900     4944.715    21138.742
    1283.344      100.400     4944.715    21138.742
    1285.346      169.800     4944.715    21138.742
    1287.349      108.900     4944.715    21138.742
    1289.351      164.300     4944.715    21138.742
    1291.353       99.900     4944.715    21138.742
    1293.355       99.900     4944.715    21138.742
    1295.358      163.800     4944.715    21138.742
    1297.360      105.400     4944.715    21138.742
    1299.362       99.900     4944.715    21138.742
    1301.364      100.400     4944.715    21138.742
    1303.367      168.800     4944.715    21138.742
    1305.369       99.900     4944.715    21138.742
    1307.371       99.900     4944.715    21138.742
    1309.373       99.900     4944.715    21138.742
    1311.376       99.900     4944.715    21138.742
    1313.376      100.500     4944.715    21138.742
    1315.379       99.900     4944.715    21138.742
    1317.381      100.400     4944.715    21138.742
    1319.383       99.900     4944.715    21138.742
    1321.385       99.900     4944.715    21138.742
    1323.388       99.900     4944.715    21138.742
    1325.388      100.500     4944.715    21138.742
    1327.391       99.900     4944.715    21138.742
    1329.392       99.900     4944.715    21138.742
    1331.395       99.900     4944.715    21138.742
    1333.397      100.400     4944.715    21138.742
    1335.399       99.900     4944.715    21138.742
    1337.401       99.900     4944.715    21138.742
    1339.404       99.900     4944.715    21138.742
    1341.406      100.400     4944.715    21138.742
    1343.408       99.900     4944.715    21138.742
    1345.410       99.900     4944.715    21138.742
    1347.413      100.400     4944.715    21138.742
    1349.415       99.900     4944.715    21138.742
    1351.416       99.900     4944.715    21138.742
    1353.419      100.400     4944.715    21138.742
    1355.421       99.900     4944.715    21138.742
    1357.423       99.900     4944.715    21138.742
    1359.425      100.400     4944.715    21138.742
    1361.428       99.900     4944.715    21138.742
    1363.430       99.900     4944.715    21138.742
    1365.432       99.900     4944.715    21138.742
    1367.434      100.400     4944.715    21138.742
    1369.437       99.900     4944.715    21138.742
    1371.439       99.900     4944.715    21138.742
    1373.441      100.400     4944.715    21138.742
    1375.443       99.900     4944.715    21138.742
    1377.445       99.900     4944.715    21138.742
    1379.448       99.900     4944.715    21138.742
    1381.448      100.500     4944.715    21138.742
    1383.451       99.900     4944.715    21138.742
    1385.453      100.400     4944.715    21138.742
    1387.455       99.900     4944.715    21138.742
    1389.456       99.900     4944.715    21138.742
    1391.459       99.900     4944.715    21138.742
    1393.460      100.400     4944.715    21138.742
    1395.463       99.900     4944.715    21138.742
    1397.465       99.900     4944.715    21138.742
    1399.467       99.900     4944.715    21138.742
    1401.468      100.400     4944.715    21138.742
    1403.471       99.900     4944.715    21138.742
    1405.473      100.400     4944.715    21138.742
    1407.475       99.900     4944.715    21138.742
    1409.477       99.900     4944.715    21138.742
    1411.480       99.900     4944.715    21138.742
    1413.482      100.400     4944.715    21138.742
    1415.484       99.900     4944.715    21138.742
    1417.486      100.400     4944.715    21138.742
    1419.489       99.900     4944.715    21138.742
    1421.491       99.900     4944.715    21138.742
    1423.493      100.400     4944.715    21138.742
    1425.495       99.900     4944.715    21138.742
    1427.497       99.900     4944.715    21138.742
    1429.499       99.900     4944.715    21138.742
    1431.500      100.400     4944.715    21138.742
    1433.503       99.900     4944.715    21138.742
    1435.504       99.900     4944.715    21138.742
    1437.507      100.400     4944.715    21138.742
    1439.509       99.900     4944.715    21138.742
    1441.511       99.900     4944.715    21138.742
    1443.513      100.400     4944.715    21138.742
    1445.516      100.400     4944.715    21138.742
    1447.518       99.900     4944.715    21138.742
    1449.519      100.000     4944.715    21138.742
    1451.520      100.400     4944.715    21138.742
    1453.523       99.900     4944.715    21138.742
    1455.524       99.900     4944.715    21138.742
    1457.527      100.400     4944.715    21138.742
    1459.528       99.900     4944.715    21138.742
    1461.531       99.900     4944.715    21138.742
    1463.533      100.400     4944.715    21138.742
    1465.535       99.900     4944.715    21138.742
    1467.536      100.400     4944.715    21138.742
    1469.539       99.900     4944.715    21138.742
    1471.540       99.900     4944.715    21138.742
    1473.543      100.400     4944.715    21138.742
    1475.545       99.900     4944.715    21138.742
    1477.547       99.900     4944.715    21138.742
    1479.549      100.400     4944.715    21138.742
    1481.552       99.900     4944.715    21138.742
    1483.554      100.400     4944.715    21138.742
    1485.556       99.900     4944.715    21138.742
    1487.556      100.000     4944.715    21138.742
    1489.559       99.900     4944.715    21138.742
    1491.560      100.400     4944.715    21138.742
    1493.563      174.300     4944.715    21138.742
    1495.565      100.400     4944.715    21138.742
    1497.567       99.900     4944.715    21138.742
    1499.568       99.900     4944.715    21138.742
    1501.571       99.900     4944.715    21138.742
    1503.573      100.400     4944.715    21138.742
    1505.575       99.900     4944.715    21138.742
    1507.576      100.400     4944.715    21138.742
    1509.579       99.900     4944.715    21138.742
    1511.581       99.900     4944.715    21138.742
    1513.583       99.900     4944.715    21138.742
    1515.584      100.400     4944.715    21138.742
    1517.587       99.900     4944.715    21138.742
    1519.589      100.400     4944.715    21138.742
    1521.591       99.900     4944.715    21138.742
    1523.593       99.900     4944.715    21138.742
    1525.596       99.900     4944.715    21138.742
    1527.598      100.400     4944.715    21138.742
    1529.600       99.900     4944.715    21138.742
    1531.600      100.500     4944.715    21138.742
    1533.601      100.000     4944.715    21138.742
    1535.603       99.900     4944.715    21138.742
    1537.605      100.400     4944.715    21138.742
    1539.607       99.900     4944.715    21138.742
    1541.610      100.400     4944.715    21138.742
    1543.612       99.900     4944.715    21138.742
    1545.614       99.900     4944.715    21138.742
    1547.616       99.900     4944.715    21138.742
    1549.618      100.400     4944.715    21138.742
    1551.620      100.400     4944.715    21138.742
    1553.623      168.800     4944.715    21138.742
    1555.625       99.900     4944.715    21138.742
    1557.627       99.900     4944.715    21138.742
    1559.628      100.400     4944.715    21138.742
    1561.631       99.900     4944.715    21138.742
    1563.632      168.800     4944.715    21138.742
    1565.635       99.900     4944.715    21138.742
    1567.637      100.400     4944.715    21138.742
    1569.639       99.900     4944.715    21138.742
    1571.641      170.300     4944.715    21138.742
    1573.644      100.400     4944.715    21138.742
    1575.646       99.900     4944.715    21138.742
    1577.648       99.900     4944.715    21138.742
    1579.650      100.400     4944.715    21138.742
    1581.653       99.900     4944.715    21138.742
    1583.655      172.800     4944.715    21138.742
    1585.657      100.900     4944.715    21138.742
    1587.659       99.900     4944.715    21138.742
    1589.660      100.400     4944.715    21138.742
    1591.663      166.800     4944.715    21138.742
    1593.665       99.900     4944.715    21138.742
    1595.667       99.900     4944.715    21138.742
    1597.669      100.400     4944.715    21138.742
    1599.672       99.900     4944.715    21138.742
    1601.674      100.400     4944.715    21138.742
    1603.676      167.800     4944.715    21138.742
    1605.678       99.900     4944.715    21138.742
    1607.681      100.400     4944.715    21138.742
    1609.683      154.300     4944.715    21138.742
    1611.684      115.400     4944.715    21138.742
    1613.687      100.400     4944.715    21138.742
    1615.688      100.900     4944.715    21138.742
    1617.691       99.900     4944.715    21138.742
    1619.692       99.900     4944.715    21138.742
    1621.695      100.400     4944.715    21138.742
    1623.696       99.900     4944.715    21138.742
    1625.699       99.900     4944.715    21138.742
    1627.700      100.400     4944.715    21138.742
    1629.703      100.400     4944.715    21138.742
    1631.704      100.400     4944.715    21138.742
    1633.707       99.900     4944.715    21138.742
    1635.709       99.900     4944.715    21138.742
    1637.710      173.900     4944.715    21138.742
    1639.712      100.400     4944.715    21138.742
    1641.715       99.900     4944.715    21138.742
    1643.717      100.400     4944.715    21138.742
    1645.719       99.900     4944.715    21138.742
    1647.721       99.900     4944.715    21138.742
    1649.724       99.900     4944.715    21138.742
    1651.724      100.000     4944.715    21138.742
    1653.727      100.400     4944.715    21138.742
    1655.728       99.900     4944.715    21138.742
    1657.731      100.400     4944.715    21138.742
    1659.733       99.900     4944.715    21138.742
    1661.735       99.900     4944.715    21138.742
    1663.737      100.400     4944.715    21138.742
    1665.740       99.900     4944.715    21138.742
    1667.740      169.400     4944.715    21138.742
    1669.743       99.900     4944.715    21138.742
    1671.745      100.400     4944.715    21138.742
    1673.747       99.900     4944.715    21138.742
    1675.749      167.800     4944.715    21138.742
    1677.752      100.400     4944.715    21138.742
    1679.754       99.900     4944.715    21138.742
    1681.756      170.300     4944.715    21138.742
    1683.758      100.400     4944.715    21138.742
    1685.761      100.900     4944.715    21138.742
    1687.763      100.900     4944.715    21138.742
    1689.765      174.800     4944.715    21138.742
    1691.767       99.900     4944.715    21138.742
    1693.768      100.400     4944.715    21138.742
    1695.771       99.900     4944.715    21138.742
    1697.773      168.800     4944.715    21138.742
    1699.775       99.900     4944.715    21138.742
    1701.777      100.400     4944.715    21138.742
    1703.780       99.900     4944.715    21138.742
    1705.782      100.400     4944.715    21138.742
    1707.783      168.400     4944.715    21138.742
    1709.785       99.900     4944.715    21138.742
    1711.787      119.900     4944.715    21138.742
    1713.790      147.800     4944.715    21138.742
    1715.792       99.900     4944.715    21138.742
    1717.794      100.400     4944.715    21138.742
    1719.796      173.800     4944.715    21138.742
    1721.799      102.900     4944.715    21138.742
    1723.801      100.900     4944.715    21138.742
    1725.803      166.800     4944.715    21138.742
    1727.804      100.400     4944.715    21138.742
    1729.807      100.400     4944.715    21138.742
    1731.809       99.900     4944.715    21138.742
    1733.811       99.900     4944.715    21138.742
    1735.813      100.400     4944.715    21138.742
    1737.816       99.900     4944.715    21138.742
    1739.818       99.900     4944.715    21138.742
    1741.820       99.900     4944.715    21138.742
    1743.822      100.400     4944.715    21138.742
    1745.825       99.900     4944.715    21138.742
    1747.827       99.900     4944.715    21138.742
    1749.829      100.400     4944.715    21138.742
    1751.831       99.900     4944.715    21138.742
    1753.834      100.400     4944.715    21138.742
    1755.835      167.900     4944.715    21138.742
    1757.837      100.400     4944.715    21138.742
    1759.839       99.900     4944.715    21138.742
    1761.840       99.900     4944.715    21138.742
    1763.843      169.300     4944.715    21138.742
    1765.845      100.400     4944.715    21138.742
    1767.847      101.400     4944.715    21138.742
    1769.848      100.400     4944.715    21138.742
    1771.851      104.900     4944.715    21138.742
    1773.853      169.800     4944.715    21138.742
    1775.855      100.900     4944.715    21138.742
    1777.858      100.400     4944.715    21138.742
    1779.860      167.800     4944.715    21138.742
    1781.862      100.400     4944.715    21138.742
    1783.864       99.900     4944.715    21138.742
    1785.867       99.900     4944.715    21138.742
    1787.869      100.400     4944.715    21138.742
    1789.870      167.900     4944.715    21138.742
    1791.872      101.900     4944.715    21138.742
    1793.874      100.400     4944.715    21138.742
    1795.876      165.300     4944.715    21138.742
    1797.879       99.900     4944.715    21138.742
    1799.881      100.400     4944.715    21138.742
    1801.883       99.900     4944.715    21138.742
    1803.885       99.900     4944.715    21138.742
    1805.888      100.400     4944.715    21138.742
    1807.890       99.900     4944.715    21138.742
    1809.892       99.900     4944.715    21138.742
    1811.894      100.400     4944.715    21138.742
    1813.897      174.800     4944.973    21138.742
    1815.899       99.900     4944.973    21138.742
    1817.901      169.800     4944.973    21138.742
    1819.903       99.900     4944.973    21138.742
    1821.904      100.400     4944.973    21138.742
    1823.906       99.900     4944.973    21138.742
    1825.908       99.900     4944.973    21138.742
    1827.908      100.500     4944.973    21138.742
    1829.909      100.000     4944.973    21138.742
    1831.911       99.900     4944.973    21138.742
    1833.912      170.400     4944.973    21138.742
    1835.915       99.900     4944.973    21138.742
    1837.916      169.300     4944.973    21138.742
    1839.919      100.400     4944.973    21138.742
    1841.920       99.900     4944.973    21138.742
    1843.923       99.900     4944.973    21138.742
    1845.924      100.400     4944.973    21138.742
    1847.927       99.900     4944.973    21138.742
    1849.928       99.900     4944.973    21138.742
    1851.931      150.800     4944.973    21138.742
    1853.932       99.900     4944.973    21138.742
    1855.935       99.900     4944.973    21138.742
    1857.936      100.400     4944.973    21138.742
    1859.939       99.900     4944.973    21138.742
    1861.941      100.400     4944.973    21138.742
    1863.943       99.900     4944.973    21138.742
    1865.945       99.900     4944.973    21138.742
    1867.948      100.400     4944.973    21138.742
    1869.948      100.000     4944.973    21138.742
    1871.951       99.900     4944.973    21138.742
    1873.953      149.300     4944.973    21138.742
    1875.955      100.400     4944.973    21138.742
    1877.957       99.900     4944.973    21138.742
    1879.960      100.900     4944.973    21138.742
    1881.962      100.400     4944.973    21138.742
    1883.964       99.900     4944.973    21138.742
    1885.966      100.400     4944.973    21138.742
    1887.968       99.900     4944.973    21138.742
    1889.971       99.900     4944.973    21138.742
    1891.972      100.400     4944.973    21138.742
    1893.975      175.300     4944.973    21138.742
    1895.977       99.900     4944.973    21138.742
    1897.979       99.900     4944.973    21138.742
    1899.980      165.900     4944.973    21138.742
    1901.983       99.900     4944.973    21138.742
    1903.984       99.900     4944.973    21138.742
    1905.987       99.900     4944.973    21138.742
    1907.988      100.400     4944.973    21138.742
    1909.991       99.900     4944.973    21138.742
    1911.993      100.400     4944.973    21138.742
    1913.995       99.900     4944.973    21138.742
    1915.996       99.900     4944.973    21138.742
    1917.997      100.500     4944.973    21138.742
    1920.000      152.300     4944.973    21138.742
    1922.002       99.900     4944.973    21138.742
    1924.004       99.900     4944.973    21138.742
    1926.006      100.400     4944.973    21138.742
    1928.008      102.900     4944.973    21138.742
    1930.011      100.400     4944.973    21138.742
    1932.013      100.400     4944.973    21138.742
    1934.015       99.900     4944.973    21138.742
    1936.016       99.900     4944.973    21138.742
    1938.019      148.300     4944.973    21138.742
    1940.021      100.400     4944.973    21138.742
    1942.023       99.900     4944.973    21138.742
    1944.025      173.800     4944.973    21138.742
    1946.028       99.900     4944.973    21138.742
    1948.030      145.300     4944.973    21138.742
    1950.032      125.900     4944.973    21138.742
    1952.034      100.400     4944.973    21138.742
    1954.037      100.400     4944.973    21138.742
    1956.039       99.900     4944.973    21138.742
    1958.041       99.900     4944.973    21138.742
    1960.043       99.900     4944.973    21138.742
    1962.044      126.400     4944.973    21138.742
    1964.047      114.400     4944.973    21138.742
    1966.048      100.900     4944.973    21138.742
    1968.051      144.800     4944.973    21138.742
    1970.052      170.800     4944.973    21138.742
    1972.055      103.900     4944.973    21138.742
    1974.056       99.900     4944.973    21138.742
    1976.058      101.900     4944.973    21138.742
    1978.059      165.400     4944.973    21138.742
    1980.060       99.900     4944.973    21138.742
    1982.063       99.900     4944.973    21138.742
    1984.065      100.400     4944.973    21138.742
    1986.067      139.800     4944.973    21138.742
    1988.068      100.400     4944.973    21138.742
    1990.071       99.900     4944.973    21138.742
    1992.072      100.400     4944.973    21138.742
    1994.074      143.900     4945.230    21138.742
    1996.076      100.400     4945.230    21138.742
    1998.078      102.400     4945.230    21138.742
    2000.080      100.400     4945.230    21138.742
    2002.081      173.400     4945.230    21138.742
    2004.082       99.900     4945.230    21138.742
    2006.084      100.400     4945.230    21138.742
    2008.087      161.300     4945.230    21138.742
    2010.089      100.400     4945.230    21138.742
    2012.091      100.400     4945.230    21138.742
    2014.092      100.400     4945.230    21138.742
    2016.093      148.900     4945.230    21138.742
    2018.096       99.900     4945.230    21138.742
    2020.098      146.800     4945.230    21138.742
    2022.100      100.400     4945.230    21138.742
    2024.102      101.400     4945.230    21138.742
    2026.105      100.400     4945.230    21138.742
    2028.107      176.800     4945.230    21138.742
    2030.108      101.400     4945.230    21138.742
    2032.111       99.900     4945.230    21138.742
    2034.113      100.400     4945.230    21138.742
    2036.115       99.900     4945.230    21138.742
    2038.116      100.400     4945.230    21138.742
    2040.119      160.300     4945.230    21138.742
    2042.120      100.400     4945.230    21138.742
    2044.122       99.900     4945.230    21138.742
    2046.125      101.400     4945.230    21138.742
    2048.127       99.900     4945.230    21138.742
    2050.129      100.400     4945.230    21138.742
    2052.131       99.900     4945.230    21138.742
    2054.133      100.400     4945.230    21138.742
    2056.136       99.900     4945.230    21138.742
    2058.138      101.400     4945.230    21138.742
    2060.140       99.900     4945.230    21138.742
    2062.142      100.400     4945.230    21138.742
    2064.145       99.900     4945.230    21138.742
    2066.147       99.900     4945.230    21138.742
    2068.148      146.900     4945.230    21138.742
    2070.151      101.900     4945.230    21138.742
    2072.153       99.900     4945.230    21138.742
    2074.155      102.400     4945.230    21138.742
    2076.157      148.800     4945.230    21138.742
    2078.160      102.400     4945.230    21138.742
    2080.162      175.300     4945.230    21138.742
    2082.164       99.900     4945.230    21138.742
    2084.166       99.900     4945.230    21138.742
    2086.169      168.800     4945.230    21138.742
    2088.171       99.900     4945.230    21138.742
    2090.173       99.900     4945.230    21138.742
    2092.175       99.900     4945.230    21138.742
    2094.177      100.400     4945.230    21138.742
    2096.180      141.300     4945.230    21138.742
    2098.182       99.900     4945.230    21138.742
    2100.184       99.900     4945.230    21138.742
    2102.186      100.400     4945.230    21138.742
    2104.189      100.400     4945.230    21138.742
    2106.191      145.300     4945.230    21138.742
    2108.193      100.900     4945.230    21138.742
    2110.195      175.300     4945.230    21138.742
    2112.198      101.400     4945.230    21138.742
    2114.200      162.300     4945.230    21138.742
    2116.202      100.400     4945.230    21138.742
    2118.204       99.900     4945.230    21138.742
    2120.207      100.400     4945.230    21138.742
    2122.208      142.400     4945.230    21138.742
    2124.211       99.900     4945.230    21138.742
    2126.213      101.900     4945.230    21138.742
    2128.215      146.300     4945.230    21138.742
    2130.218      101.900     4945.230    21138.742
    2132.220       99.900     4945.230    21138.742
    2134.222      100.400     4945.230    21138.742
    2136.224      103.400     4945.230    21138.742
    2138.226      174.900     4945.230    21138.742
    2140.228       99.900     4945.230    21138.742
    2142.230      100.400     4945.230    21138.742
    2144.233      102.400     4945.230    21138.742
    2146.235      159.800     4945.230    21138.742
    2148.236      101.900     4945.230    21138.742
    2150.239      100.400     4945.230    21138.742
    2152.240      100.400     4945.230    21138.742
    2154.243      147.300     4945.230    21138.742
    2156.244       99.900     4945.230    21138.742
    2158.247      100.900     4945.230    21138.742
    2160.249      147.800     4945.230    21138.742
    2162.251      102.400     4945.230    21138.742
    2164.254      100.400     4945.230    21138.742
    2166.256      174.800     4945.230    21138.742
    2168.258      100.400     4945.230    21138.742
    2170.260      101.400     4945.230    21138.742
    2172.263      165.300     4945.230    21138.742
    2174.265      100.400     4945.230    21138.742
    2176.267       99.900     4945.230    21138.742
    2178.269       99.900     4945.230    21138.742
    2180.272       99.900     4945.230    21138.742
    2182.274      140.800     4945.230    21138.742
    2184.276      100.400     4945.230    21138.742
    2186.278       99.900     4945.230    21138.742
    2188.281      100.400     4945.230    21138.742
    2190.282       99.900     4945.230    21138.742
    2192.284      143.900     4945.230    21138.742
    2194.287       99.900     4945.230    21138.742
    2196.288      100.400     4945.230    21138.742
    2198.291      173.800     4945.230    21138.742
    2200.292      100.400     4945.230    21138.742
