# Elapsed time   CPU (%)     Real (MB)   Virtual (MB)
       0.000        0.000        1.785       13.820
       2.002       95.900      286.625      297.191
       4.004       99.900      286.641      297.176
       6.007       99.900      286.641      297.176
       8.009       99.900      286.641      297.176
      10.011       99.900      286.641      297.176
      12.013       99.900      286.641      297.176
      14.015       99.900      286.641      297.176
      16.018       99.400      286.641      297.176
      18.020       99.900      286.641      297.176
      20.022      100.400      286.641      297.176
      22.024       99.900      286.641      297.176
      24.026       99.400      286.641      297.176
      26.028       99.900      286.641      297.176
      28.031       99.900      286.641      297.176
      30.033       99.900      286.641      297.176
      32.034       99.400      286.641      297.176
      34.036      100.400      286.641      297.176
      36.039       99.900      286.641      297.176
      38.041       99.900      286.641      297.176
      40.043       99.400      286.641      297.176
      42.045       99.900      286.641      297.176
      44.046       99.900      286.641      297.176
      46.049       99.400      286.641      297.176
      48.051      100.400      286.641      297.176
      50.053       99.400      286.641      297.176
      52.055       99.900      286.641      297.176
      54.057       99.900      287.305      297.242
      56.060       99.900      287.305      297.242
      58.062       99.900      287.305      297.242
      60.064       99.900      287.305      297.242
      62.066       99.900      287.305      297.242
      64.068       99.400      287.305      297.242
      66.071       99.900      290.395      301.242
      68.073       99.900      290.395      301.242
      70.074      100.400      290.395      301.242
      72.076       99.400      290.395      301.242
      74.079       99.900      290.395      301.242
      76.081       99.900      290.395      301.242
      78.082       99.400      290.395      301.242
      80.085       99.900      290.395      301.242
      82.087       99.900      290.395      301.242
      84.089       99.900      290.395      301.242
      86.090       99.400      290.395      301.242
      88.092       99.900      290.395      301.242
      90.094       99.900      290.395      301.242
      92.096       99.900      290.395      301.242
      94.098       99.900      290.395      301.242
      96.101       99.400      290.395      301.242
      98.102       99.900      290.395      301.242
     100.105       99.900      290.395      301.242
     102.107      100.400      290.395      301.242
     104.109       99.900      290.395      301.242
     106.111       99.900      290.395      301.242
     108.113       99.900      290.395      301.242
     110.116       99.900      290.395      301.242
     112.118       99.900      290.395      301.242
     114.120      100.400      290.395      301.242
     116.122       99.900      290.395      301.242
     118.125       99.900      290.395      301.242
     120.127      100.400      290.395      301.242
     122.129       99.900      290.395      301.242
     124.131       99.900      290.395      301.242
     126.133       99.900      290.395      301.242
     128.136       99.900      290.395      301.242
     130.138       99.900      290.395      301.242
     132.140      100.400      290.395      301.242
     134.142       99.900      290.395      301.242
     136.145       99.900      290.395      301.242
     138.147      100.400      290.395      301.242
     140.149       99.900      290.395      301.242
     142.151       99.900      290.395      301.242
     144.153       99.900      290.395      301.242
     146.156       99.900      290.395      301.242
     148.158       99.900      290.395      301.242
     150.160      100.400      290.395      301.242
     152.162       99.900      290.395      301.242
     154.165       99.900      290.395      301.242
     156.167       99.900      290.395      301.242
     158.169       99.900      290.395      301.242
     160.170      100.400      290.395      301.242
     162.173       99.900      290.395      301.242
     164.174       99.900      290.395      301.242
     166.177       99.900      290.395      301.242
     168.178      100.400      290.395      301.242
     170.180       99.900      290.395      301.242
     172.182       99.900      290.395      301.242
     174.184       99.900      290.395      301.242
     176.187       99.900      290.395      301.242
     178.189       99.900      290.395      301.242
     180.190      100.400      290.395      301.242
     182.193       99.900      290.395      301.242
     184.195       99.900      290.395      301.242
     186.197       99.900      290.395      301.242
     188.199      100.400      290.395      301.242
     190.201       99.900      290.395      301.242
     192.204       99.900      290.395      301.242
     194.206       99.900      290.395      301.242
     196.208       99.900      290.395      301.242
     198.210      100.400      290.395      301.242
     200.213       99.900      290.395      301.242
     202.214       99.900      290.395      301.242
     204.217       99.900      290.395      301.242
     206.218      100.400      290.395      301.242
     208.221       99.900      290.395      301.242
     210.222       99.900      290.395      301.242
     212.225       99.900      290.395      301.242
     214.227       99.900      290.395      301.242
     216.229       99.900      290.395      301.242
     218.231      100.400      290.395      301.242
     220.233       99.900      290.395      301.242
     222.236       99.900      290.395      301.242
     224.236      100.000      290.395      301.242
     226.238       99.900      290.395      301.242
     228.241       99.900      290.395      301.242
     230.243      100.400      290.395      301.242
     232.245       99.900      290.395      301.242
     234.247       99.900      290.395      301.242
     236.249       99.900      290.395      301.242
     238.252      100.400      290.395      301.242
     240.254       99.900      290.395      301.242
     242.256       99.900      290.395      301.242
     244.258       99.900      290.395      301.242
     246.260       99.900      290.395      301.242
     248.263      100.400      290.395      301.242
     250.265       99.900      290.395      301.242
     252.267       99.900      290.395      301.242
     254.269       99.900      290.395      301.242
     256.272      100.400      290.395      301.242
     258.274       99.900      290.395      301.242
     260.274      100.000      290.395      301.242
     262.276       99.900      290.395      301.242
     264.278       99.900      290.395      301.242
     266.280       99.900      290.395      301.242
     268.283      100.400      290.395      301.242
     270.284       99.900      290.395      301.242
     272.286       99.900      290.395      301.242
     274.288       99.900      290.395      301.242
     276.290      100.400      290.395      301.242
     278.291      100.000      290.395      301.242
     280.293       99.900      290.395      301.242
     282.294       99.900      290.395      301.242
     284.297       99.900      290.395      301.242
     286.298       99.900      290.395      301.242
     288.301       99.900      290.395      301.242
     290.302      100.400      290.395      301.242
     292.305       99.900      290.395      301.242
     294.307       99.900      290.395      301.242
     296.309       99.900      290.395      301.242
     298.311       99.900      290.395      301.242
     300.313       99.900      290.395      301.242
     302.316      100.400      290.395      301.242
     304.318       99.900      290.395      301.242
     306.318      100.000      290.395      301.242
     308.321       99.900      290.395      301.242
     310.323      100.400      290.395      301.242
     312.325       99.900      290.395      301.242
     314.327       99.900      290.395      301.242
     316.329       99.900      290.395      301.242
     318.332       99.900      290.395      301.242
     320.333       99.900      290.395      301.242
     322.336      100.400      290.395      301.242
     324.338       99.900      290.395      301.242
     326.340       99.900      290.395      301.242
     328.342      100.400      290.395      301.242
     330.345       99.900      290.395      301.242
     332.347       99.900      290.395      301.242
     334.349       99.900      290.395      301.242
     336.351       99.900      290.395      301.242
     338.353       99.900      290.395      301.242
     340.355      100.400      290.395      301.242
     342.358       99.900      290.395      301.242
     344.360       99.900      290.395      301.242
     346.362       99.900      290.395      301.242
     348.364      100.400      290.395      301.242
     350.366       99.900      290.395      301.242
     352.369       99.900      290.395      301.242
     354.371       99.900      290.395      301.242
     356.373       99.900      290.395      301.242
     358.375      100.400      290.395      301.242
     360.378       99.900      290.395      301.242
     362.380       99.900      290.395      301.242
     364.382       99.900      290.395      301.242
     366.384       99.900      290.395      301.242
     368.386      100.400      290.395      301.242
     370.389       99.900      290.395      301.242
     372.391       99.900      290.395      301.242
     374.393       99.900      290.395      301.242
     376.395      100.400      290.395      301.242
     378.398       99.900      290.395      301.242
     380.398      100.000      290.395      301.242
     382.401       99.900      290.395      301.242
     384.403       99.900      290.395      301.242
     386.405       99.900      290.395      301.242
     388.407      100.400      290.395      301.242
     390.409       99.900      290.395      301.242
     392.412       99.900      290.395      301.242
     394.414       99.900      290.395      301.242
     396.416      100.400      290.395      301.242
     398.418       99.900      290.395      301.242
     400.421       99.900      290.395      301.242
     402.423       99.900      290.395      301.242
     404.425       99.900      290.395      301.242
     406.427      100.400      290.395      301.242
     408.429       99.900      290.395      301.242
     410.432       99.900      290.395      301.242
     412.434       99.900      290.395      301.242
     414.434      100.500      290.395      301.242
     416.437       99.900      295.551      309.402
     418.438       99.900      295.551      309.402
     420.441       99.900      295.551      309.402
     422.443       99.900      295.551      309.402
     424.445       99.900      295.551      309.402
     426.447      100.400      295.551      309.402
     428.449       99.900      295.551      309.402
     430.452       99.900      295.551      309.402
     432.454       99.900      295.551      309.402
     434.456      100.400      295.551      309.402
     436.458       99.900      295.551      309.402
     438.461       99.900      295.551      309.402
     440.463       99.900      295.551      309.402
     442.465       99.900      295.551      309.402
     444.467      100.400      295.551      309.402
     446.469       99.900      295.551      309.402
     448.472       99.900      295.551      309.402
     450.474       99.900      295.551      309.402
     452.476       99.900      295.551      309.402
     454.478      100.400      295.551      309.402
     456.481       99.900      295.551      309.402
     458.483       99.900      295.551      309.402
     460.484      100.000      295.551      309.402
     462.486       99.900      295.551      309.402
     464.486      100.500      295.551      309.402
     466.489       99.900      295.551      309.402
     468.491       99.900      295.551      309.402
     470.493       99.900      295.551      309.402
     472.494      100.000      295.551      309.402
     474.496       99.900      295.551      309.402
     476.498      100.400      295.551      309.402
     478.500       99.900      295.551      309.402
     480.503       99.900      295.551      309.402
     482.505       99.900      295.551      309.402
     484.507      100.400      295.551      309.402
     486.509       99.900      295.551      309.402
     488.512       99.900      295.551      309.402
     490.514       99.900      295.551      309.402
     492.516       99.900      295.551      309.402
     494.518       99.900      295.551      309.402
     496.520       99.900      295.551      309.402
     498.523       99.900      295.551      309.402
     500.525       99.900      295.551      309.402
     502.527      100.400      295.551      309.402
     504.529       99.900      295.551      309.402
     506.532       99.900      295.551      309.402
     508.534       99.900      295.551      309.402
     510.536      100.400      295.551      309.402
     512.538       99.900      295.551      309.402
     514.541       99.900      295.551      309.402
     516.543       99.900      295.551      309.402
     518.545       99.900      295.551      309.402
     520.547      100.400      295.551      309.402
     522.549       99.900      295.551      309.402
     524.552       99.900      295.551      309.402
     526.554       99.900      295.551      309.402
     528.556       99.900      295.551      309.402
     530.558      100.400      295.551      309.402
     532.561       99.900      295.551      309.402
     534.563       99.900      295.551      309.402
     536.565       99.900      295.551      309.402
     538.567      100.400      295.551      309.402
     540.569       99.900      295.551      309.402
     542.572       99.900      295.551      309.402
     544.574       99.900      295.551      309.402
     546.576       99.900      295.551      309.402
     548.578      100.400      295.551      309.402
     550.581       99.900      295.551      309.402
     552.583       99.900      295.551      309.402
     554.585       99.900      295.551      309.402
     556.586      100.400      295.551      309.402
     558.589       99.900      295.551      309.402
     560.591       99.900      295.551      309.402
     562.593       99.900      295.551      309.402
     564.595       99.900      295.551      309.402
     566.597       99.900      295.551      309.402
     568.598      100.500      295.551      309.402
     570.601       99.900      295.551      309.402
     572.603       99.900      295.551      309.402
     574.605       99.900      295.551      309.402
     576.607      100.400      295.551      309.402
     578.609       99.900      295.551      309.402
     580.612       99.900      295.551      309.402
     582.614       99.900      295.551      309.402
     584.616       99.900      295.551      309.402
     586.618      100.400      295.551      309.402
     588.620       99.900      295.551      309.402
     590.623       99.900      295.551      309.402
     592.625       99.900      295.551      309.402
     594.627      100.400      295.551      309.402
     596.629       99.900      295.551      309.402
     598.632       99.900      295.551      309.402
     600.634       99.900      295.551      309.402
     602.636       99.900      295.551      309.402
     604.638      100.400      295.551      309.402
     606.641       99.900      295.551      309.402
     608.643       99.900      295.551      309.402
     610.645       99.900      295.551      309.402
     612.647      100.400      295.551      309.402
     614.650       99.900      295.551      309.402
     616.652       99.900      295.551      309.402
     618.654       99.900      295.551      309.402
     620.654      100.000      295.551      309.402
     622.657       99.900      295.551      309.402
     624.658      100.400      295.551      309.402
     626.661       99.900      295.551      309.402
     628.663       99.900      295.551      309.402
     630.665       99.900      295.551      309.402
     632.667       99.900      295.551      309.402
     634.668       99.900      295.551      309.402
     636.670      100.400      295.551      309.402
     638.673       99.900      295.551      309.402
     640.674       99.900      295.551      309.402
     642.676       99.900      295.551      309.402
     644.678      100.400      295.551      309.402
     646.681       99.900      295.551      309.402
     648.682       99.900      295.551      309.402
     650.684       99.900      295.551      309.402
     652.686       99.900      295.551      309.402
     654.688       99.900      295.551      309.402
     656.690      100.400      295.551      309.402
     658.693       99.900      295.551      309.402
     660.695       99.900      295.551      309.402
     662.697       99.900      295.551      309.402
     664.699      100.400      295.551      309.402
     666.701       99.900      295.551      309.402
     668.704       99.900      295.551      309.402
     670.706       99.900      295.551      309.402
     672.708       99.900      295.551      309.402
     674.710      100.400      295.551      309.402
     676.713       99.900      295.551      309.402
     678.714       99.900      295.551      309.402
     680.717       99.900      295.551      309.402
     682.719      100.400      295.551      309.402
     684.721       99.900      295.551      309.402
     686.722       99.900      295.551      309.402
     688.725       99.900      295.551      309.402
     690.727       99.900      295.551      309.402
     692.729       99.900      295.551      309.402
     694.731      100.400      295.551      309.402
     696.733       99.900      295.551      309.402
     698.734      100.000      295.551      309.402
     700.737       99.900      295.551      309.402
     702.738      100.400      295.551      309.402
     704.741       99.900      295.551      309.402
     706.743       99.900      295.551      309.402
     708.745       99.900      295.551      309.402
     710.747       99.900      295.551      309.402
     712.749       99.900      295.551      309.402
     714.750      100.500      295.551      309.402
     716.753       99.900      295.551      309.402
     718.754       99.900      295.551      309.402
     720.757       99.900      295.551      309.402
     722.757      100.000      295.551      309.402
     724.760       99.900      295.551      309.402
     726.762       99.900      295.551      309.402
     728.764      100.400      295.551      309.402
     730.766       99.900      295.551      309.402
     732.768       99.900      295.551      309.402
     734.770      100.400      295.551      309.402
     736.773       99.900      295.551      309.402
     738.775       99.900      295.551      309.402
     740.777       99.900      295.551      309.402
     742.779       99.900      295.551      309.402
     744.781       99.900      295.551      309.402
     746.784      100.400      295.551      309.402
     748.786       99.900      295.551      309.402
     750.788       99.900      295.551      309.402
     752.790      100.400      295.551      309.402
     754.793       99.900      295.551      309.402
     756.795       99.900      295.551      309.402
     758.797       99.900      295.551      309.402
     760.799       99.900      295.551      309.402
     762.801       99.900      295.551      309.402
     764.804      100.400      295.551      309.402
     766.806       99.900      295.551      309.402
     768.808       99.900      295.551      309.402
     770.810      100.400      295.551      309.402
     772.813       99.900      295.551      309.402
     774.815       99.900      295.551      309.402
     776.817       99.900      295.551      309.402
     778.819       99.900      295.551      309.402
     780.821       99.900      295.551      309.402
     782.824      100.400      295.551      309.402
     784.826       99.900      295.551      309.402
     786.826      100.000      295.551      309.402
     788.829       99.900      295.551      309.402
     790.831      100.400      295.551      309.402
     792.833       99.900      295.551      309.402
     794.835       99.900      295.551      309.402
     796.837       99.900      295.551      309.402
     798.838      100.000      295.551      309.402
