# Elapsed time   CPU (%)     Real (MB)   Virtual (MB)
       0.000        0.000       39.887    19310.867
       2.001      323.800     1687.285    21264.090
       4.004      114.900     1706.359    21264.090
       6.006       99.400     1724.664    21264.090
       8.008      100.400     1743.273    21264.090
      10.010       99.900     1761.742    21264.090
      12.013       99.900     1779.531    21264.090
      14.015      100.400     1797.836    21264.090
      16.017       99.900     1816.141    21264.090
      18.019      117.900     1863.578    21264.090
      20.021       99.900     1863.578    21264.090
      22.023      100.400     1863.578    21264.090
      24.026       99.900     1863.578    21264.090
      26.028       99.900     1863.578    21264.090
      28.030      100.400     1863.578    21264.090
      30.032       99.900     1863.578    21264.090
      32.035      101.400     1863.836    21264.090
      34.037      259.200     2770.871    21264.090
      36.039      231.200     3267.914    21264.090
      38.041      146.300     4003.434    21264.090
      40.044      142.300     4532.387    21264.090
      42.046      118.400     4516.320    21264.090
      44.048      110.400     5016.477    21264.090
      46.050       99.900     5021.891    21264.090
      48.053      108.900     5219.891    21264.090
      50.055      100.400     5219.891    21264.090
      52.057      108.900     5462.234    21264.090
      54.059       99.900     5462.234    21264.090
      56.062      108.400     5735.516    21264.090
      58.064       99.900     5735.516    21264.090
      60.066      108.900     5795.328    21264.090
      62.068       99.900     5795.328    21264.090
      64.070       99.900     5795.328    21264.090
      66.073      108.900     5835.547    21264.090
      68.075      100.400     5835.547    21264.090
      70.077      109.400     5868.547    21264.090
      72.079      100.400     5868.547    21264.090
      74.082      109.400     5896.391    21264.090
      76.084       99.900     5896.391    21264.090
      78.086      109.900     5901.031    21264.090
      80.088       99.900     5901.031    21264.090
      82.091       99.900     5901.031    21264.090
      84.093      109.400     5902.062    21264.090
      86.095       99.900     5902.062    21264.090
      88.097      109.900     5903.609    21264.090
      90.100       99.900     5903.609    21264.090
      92.102      109.900     5912.461    21264.090
      94.104       99.900     5912.461    21264.090
      96.105      110.400     5932.871    21264.090
      98.108       99.900     5932.871    21264.090
     100.110       99.900     5932.871    21264.090
     102.112      108.400     5964.840    21264.090
     104.113      100.400     5964.840    21264.090
     106.116      104.900     5997.066    21264.090
     108.118       99.900     5997.066    21264.090
     110.120      100.900     5997.066    21264.090
     112.122       99.400     5997.066    21264.090
     114.125      100.900     5997.066    21264.090
     116.127       99.400     5997.066    21264.090
     118.129       99.900     5997.066    21264.090
     120.129      106.000     5997.727    21264.090
     122.132      163.800     6009.289    21264.090
     124.134      150.800     6013.020    21264.090
     126.136      194.300     6013.219    21264.090
     128.138      138.300     6013.609    21264.090
     130.141      100.400     6013.609    21264.090
     132.143       99.900     6013.609    21264.090
     134.145      100.400     6013.609    21264.090
     136.147      103.400     6013.852    21264.090
     138.149      100.400     6013.852    21264.090
     140.152       99.900     6013.969    21264.090
     142.154      100.400     6013.969    21264.090
     144.156       99.900     6013.969    21264.090
     146.158       99.900     6013.969    21264.090
     148.161       99.900     6013.969    21264.090
     150.163       99.900     6013.969    21264.090
     152.165       99.900     6013.969    21264.090
     154.167       99.900     6013.969    21264.090
     156.169      100.400     6013.969    21264.090
     158.172       99.400     6013.969    21264.090
     160.174      100.900     6013.969    21264.090
     162.176       99.900     6013.969    21264.090
     164.177      100.400     6013.969    21264.090
     166.180       99.900     6013.969    21264.090
     168.181       99.900     6013.969    21264.090
     170.184      100.400     6013.969    21264.090
     172.185      100.400     6014.051    21264.090
     174.188      165.800     6014.164    21264.090
     176.189      132.400     6014.266    21264.090
     178.192      100.900     6014.266    21264.090
     180.193      101.400     6014.266    21264.090
     182.196      100.900     6014.266    21264.090
     184.197      100.400     6014.266    21264.090
     186.200      100.400     6014.266    21264.090
     188.202      100.400     6014.266    21264.090
     190.204       99.900     6014.266    21264.090
     192.206       99.900     6014.266    21264.090
     194.208       99.900     6014.266    21264.090
     196.211      100.400     6014.266    21264.090
     198.213      100.400     6014.266    21264.090
     200.215       99.900     6014.266    21264.090
     202.217      100.400     6014.266    21264.090
     204.220       99.900     6014.266    21264.090
     206.221       99.900     6014.266    21264.090
     208.223      100.400     6014.266    21264.090
     210.225      100.400     6014.266    21264.090
     212.228      100.400     6014.328    21264.090
     214.229       99.900     6014.328    21264.090
     216.232       99.900     6014.328    21264.090
     218.234      100.400     6014.328    21264.090
     220.236       99.900     6014.328    21264.090
     222.237      100.400     6014.328    21264.090
     224.240      100.400     6014.328    21264.090
     226.241       99.900     6014.328    21264.090
     228.244       99.900     6014.328    21264.090
     230.245      100.400     6014.328    21264.090
     232.248       99.900     6014.328    21264.090
     234.249      100.400     6014.328    21264.090
     236.252      100.900     6014.328    21264.090
     238.253       99.900     6014.328    21264.090
     240.256       99.900     6014.328    21264.090
     242.258      100.400     6014.328    21264.090
     244.260       99.900     6014.328    21264.090
     246.262       99.900     6014.328    21264.090
     248.265       99.900     6014.328    21264.090
     250.267      100.900     6014.328    21264.090
     252.269       99.900     6014.328    21264.090
     254.269      100.000     6014.328    21264.090
     256.272       99.900     6014.328    21264.090
     258.274      100.400     6014.328    21264.090
     260.276      101.400     6014.328    21264.090
     262.277      100.400     6014.328    21264.090
     264.280      100.900     6014.328    21264.090
     266.281      100.400     6014.328    21264.090
     268.284      100.900     6014.328    21264.090
     270.286      100.400     6014.328    21264.090
     272.288      100.900     6014.328    21264.090
     274.290      100.400     6014.328    21264.090
     276.293      100.900     6014.328    21264.090
     278.295      100.400     6014.328    21264.090
     280.297       99.900     6014.328    21264.090
     282.299      101.400     6014.328    21264.090
     284.301      100.900     6014.328    21264.090
     286.304      100.400     6014.328    21264.090
     288.305      158.400     6015.363    21264.090
     290.308      122.400     6016.570    21264.090
     292.310       99.900     6011.965    21264.090
     294.312      100.400     6012.152    21264.090
     296.314      105.900     6012.207    21264.090
     298.317      100.400     6012.207    21264.090
     300.317      100.500     6012.207    21264.090
     302.320       99.900     6012.207    21264.090
     304.322      100.400     6012.207    21264.090
     306.324       99.900     6012.207    21264.090
     308.326       99.900     6012.207    21264.090
     310.328       99.900     6012.207    21264.090
     312.331      100.400     6012.207    21264.090
     314.333      100.400     6012.207    21264.090
     316.335       99.900     6012.207    21264.090
     318.337      100.400     6012.207    21264.090
     320.340      100.400     6012.207    21264.090
     322.342      100.400     6012.207    21264.090
     324.344       99.900     6012.207    21264.090
     326.346      100.400     6012.207    21264.090
     328.349       99.900     6012.207    21264.090
     330.349      100.500     6012.207    21264.090
     332.352       99.900     6012.207    21264.090
     334.353      100.400     6012.207    21264.090
     336.356       99.900     6012.207    21264.090
     338.358      100.400     6012.207    21264.090
     340.360       99.900     6012.207    21264.090
     342.362      100.400     6012.207    21264.090
     344.365       99.900     6012.207    21264.090
     346.367      100.400     6012.207    21264.090
     348.369       99.900     6012.207    21264.090
     350.371      100.400     6012.207    21264.090
     352.373      100.400     6012.207    21264.090
     354.376       99.900     6012.207    21264.090
     356.378      100.400     6012.207    21264.090
     358.380       99.900     6012.207    21264.090
     360.382      169.800     6152.457    21264.090
     362.385       99.900     6152.457    21264.090
     364.387      100.400     6152.457    21264.090
     366.389       99.900     6152.457    21264.090
     368.391       99.900     6152.457    21264.090
     370.394      100.400     6152.457    21264.090
     372.396       99.900     6152.457    21264.090
     374.398       99.900     6152.457    21264.090
     376.400       99.900     6152.457    21264.090
     378.402      100.400     6152.457    21264.090
     380.405       99.900     6152.457    21264.090
     382.407       99.900     6152.457    21264.090
     384.409      100.400     6152.457    21264.090
     386.411       99.900     6152.457    21264.090
     388.413      100.400     6152.457    21264.090
     390.416       99.900     6152.457    21264.090
     392.417      100.900     6152.457    21264.090
     394.420       99.900     6152.457    21264.090
     396.422       99.900     6152.457    21264.090
     398.424       99.900     6152.457    21264.090
     400.426      100.400     6152.457    21264.090
     402.428       99.900     6152.457    21264.090
     404.431       99.900     6152.457    21264.090
     406.433      100.400     6152.457    21264.090
     408.433      100.000     6152.457    21264.090
     410.436       99.900     6152.457    21264.090
     412.437      100.400     6152.457    21264.090
     414.440       99.900     6152.457    21264.090
     416.441       99.900     6152.457    21264.090
     418.444       99.900     6152.457    21264.090
     420.445      100.400     6152.457    21264.090
     422.448       99.900     6152.457    21264.090
     424.450      100.400     6152.457    21264.090
     426.452       99.900     6152.457    21264.090
     428.454       99.900     6152.457    21264.090
     430.457       99.900     6152.457    21264.090
     432.459      100.400     6152.457    21264.090
     434.461       99.900     6152.457    21264.090
     436.463      100.400     6152.457    21264.090
     438.465       99.900     6152.457    21264.090
     440.468       99.900     6152.457    21264.090
     442.470      100.400     6152.457    21264.090
     444.472       99.900     6152.457    21264.090
     446.474      100.400     6152.457    21264.090
     448.477       99.900     6152.457    21264.090
     450.479       99.900     6152.457    21264.090
     452.481       99.900     6152.457    21264.090
     454.483      100.400     6152.457    21264.090
     456.485       99.900     6152.457    21264.090
     458.488       99.900     6152.457    21264.090
     460.490      100.400     6152.457    21264.090
     462.492       99.900     6152.457    21264.090
     464.494      100.400     6152.457    21264.090
     466.497       99.900     6152.457    21264.090
     468.499       99.900     6152.457    21264.090
     470.501       99.900     6152.457    21264.090
     472.501      100.500     6152.457    21264.090
     474.504       99.900     6152.457    21264.090
     476.506      100.400     6152.457    21264.090
     478.508       99.400     6152.457    21264.090
     480.510      100.400     6152.457    21264.090
     482.513       99.900     6152.457    21264.090
     484.515      100.400     6152.457    21264.090
     486.517      121.900     6158.727    21264.090
     488.519      167.300     6396.207    21264.090
     490.521       99.900     6396.207    21264.090
     492.524      101.400     6396.207    21264.090
     494.526      100.400     6396.207    21264.090
     496.528      103.400     6396.207    21264.090
     498.529      100.400     6396.207    21264.090
     500.532       99.900     6396.207    21264.090
     502.534       99.900     6396.207    21264.090
     504.536      100.400     6396.285    21264.090
     506.538       99.900     6396.285    21264.090
     508.540      100.400     6396.285    21264.090
     510.543      100.400     6396.285    21264.090
     512.545      101.400     6396.422    21264.090
     514.547      100.400     6396.422    21264.090
     516.549       99.900     6396.422    21264.090
     518.552       99.900     6396.422    21264.090
     520.554      100.400     6396.422    21264.090
     522.556       99.900     6396.422    21264.090
     524.558       99.900     6396.422    21264.090
     526.560       99.900     6396.422    21264.090
     528.563      100.400     6396.422    21264.090
     530.565       99.900     6396.422    21264.090
     532.567       99.900     6396.422    21264.090
     534.569      100.400     6396.422    21264.090
     536.572       99.900     6396.422    21264.090
     538.574       99.900     6396.422    21264.090
     540.576       99.900     6396.422    21264.090
     542.578      100.400     6396.422    21264.090
     544.580       99.900     6396.422    21264.090
     546.583       99.900     6396.422    21264.090
     548.585       99.900     6396.422    21264.090
     550.587      100.400     6396.422    21264.090
     552.589       99.900     6396.422    21264.090
     554.591      100.400     6396.422    21264.090
     556.593       99.900     6396.422    21264.090
     558.596       99.900     6396.422    21264.090
     560.597       99.900     6396.422    21264.090
     562.600      100.400     6396.422    21264.090
     564.602       99.900     6396.422    21264.090
     566.603       99.900     6396.422    21264.090
     568.605       99.900     6396.422    21264.090
     570.607      100.400     6396.422    21264.090
     572.610       99.900     6396.422    21264.090
     574.612       99.900     6396.422    21264.090
     576.614      100.400     6396.422    21264.090
     578.616       99.900     6396.422    21264.090
     580.618      100.400     6396.422    21264.090
     582.621       99.900     6396.422    21264.090
     584.623       99.900     6396.422    21264.090
     586.625       99.900     6396.422    21264.090
     588.627      100.400     6396.422    21264.090
     590.629       99.900     6396.422    21264.090
     592.632       99.900     6396.422    21264.090
     594.634      100.400     6396.422    21264.090
     596.636       99.900     6396.422    21264.090
     598.638       99.900     6396.422    21264.090
     600.641       99.900     6396.422    21264.090
     602.643      100.400     6396.422    21264.090
     604.645       99.900     6396.422    21264.090
     606.647       99.900     6396.422    21264.090
     608.650       99.900     6396.422    21264.090
     610.652      100.400     6396.422    21264.090
     612.654       99.900     6396.422    21264.090
     614.656       99.900     6396.422    21264.090
     616.658       99.900     6396.422    21264.090
     618.661      100.400     6396.422    21264.090
     620.663       99.900     6396.422    21264.090
     622.665       99.900     6396.422    21264.090
     624.665      100.500     6396.422    21264.090
     626.668       99.900     6396.422    21264.090
     628.669       99.900     6396.422    21264.090
     630.672       99.900     6396.422    21264.090
     632.673      100.400     6396.422    21264.090
     634.676       99.900     6396.422    21264.090
     636.678       99.900     6396.422    21264.090
     638.680       99.900     6396.422    21264.090
     640.682      100.400     6396.422    21264.090
     642.684      103.400     6396.422    21264.090
     644.687      100.400     6396.422    21264.090
     646.689       99.900     6396.422    21264.090
     648.691       99.900     6396.422    21264.090
     650.693      100.400     6396.422    21264.090
     652.696       99.900     6396.422    21264.090
     654.698       99.900     6396.422    21264.090
     656.700       99.900     6396.422    21264.090
     658.702      100.400     6396.422    21264.090
     660.704       99.900     6396.422    21264.090
     662.707       99.900     6396.422    21264.090
     664.709       99.900     6396.422    21264.090
     666.711      100.400     6396.422    21264.090
     668.713       99.900     6396.422    21264.090
     670.716       99.900     6396.422    21264.090
     672.717      100.400     6396.422    21264.090
     674.720       99.900     6396.422    21264.090
     676.721       99.900     6396.422    21264.090
     678.724       99.900     6396.422    21264.090
     680.725      100.400     6396.422    21264.090
     682.728       99.900     6396.422    21264.090
     684.729       99.900     6396.422    21264.090
     686.731       99.900     6396.422    21264.090
     688.733      100.400     6396.422    21264.090
     690.735       99.900     6396.422    21264.090
     692.737       99.900     6396.422    21264.090
     694.737      100.000     6396.422    21264.090
     696.740       99.900     6396.422    21264.090
     698.741      100.400     6396.422    21264.090
     700.744      100.900     6396.500    21264.090
     702.745      104.900     6396.547    21264.090
     704.748       99.900     6396.547    21264.090
     706.750       99.900     6396.547    21264.090
     708.752      100.400     6396.547    21264.090
     710.754      100.400     6396.547    21264.090
     712.757       99.900     6396.547    21264.090
     714.759       99.900     6396.547    21264.090
     716.761       99.900     6396.547    21264.090
     718.763      100.400     6396.547    21264.090
     720.765       99.900     6396.547    21264.090
     722.768       99.900     6396.547    21264.090
     724.769       99.900     6396.547    21264.090
     726.771       99.900     6396.547    21264.090
     728.773      100.400     6396.547    21264.090
     730.776       99.900     6396.547    21264.090
     732.778       99.900     6396.547    21264.090
     734.780       99.900     6396.547    21264.090
     736.782      100.400     6396.547    21264.090
     738.785       99.900     6396.547    21264.090
     740.787       99.900     6396.547    21264.090
     742.789       99.900     6396.547    21264.090
     744.789      100.500     6396.547    21264.090
     746.792       99.900     6396.547    21264.090
     748.794       99.900     6396.547    21264.090
     750.796       99.900     6396.547    21264.090
     752.798      100.400     6396.547    21264.090
     754.800       99.900     6396.547    21264.090
     756.801      100.000     6396.547    21264.090
     758.804       99.900     6396.547    21264.090
     760.806      100.400     6396.547    21264.090
     762.808       99.900     6396.547    21264.090
     764.810       99.900     6396.547    21264.090
     766.812      100.400     6396.547    21264.090
     768.815       99.900     6396.547    21264.090
     770.817       99.900     6396.547    21264.090
     772.819      100.400     6396.547    21264.090
     774.821       99.900     6396.547    21264.090
     776.824       99.900     6396.547    21264.090
     778.825      100.400     6396.547    21264.090
     780.828       99.900     6396.547    21264.090
     782.829       99.900     6396.547    21264.090
     784.832       99.900     6396.547    21264.090
     786.834      100.400     6396.547    21264.090
     788.836       99.900     6396.547    21264.090
     790.837       99.900     6396.547    21264.090
     792.840       99.900     6396.547    21264.090
     794.842      100.400     6396.547    21264.090
     796.844       99.900     6396.547    21264.090
     798.845       99.900     6396.547    21264.090
     800.848       99.900     6396.547    21264.090
     802.849      100.400     6396.547    21264.090
     804.852       99.900     6396.547    21264.090
     806.853       99.900     6396.547    21264.090
     808.856       99.900     6396.547    21264.090
     810.857      100.400     6396.547    21264.090
     812.860       99.900     6396.547    21264.090
     814.861       99.900     6396.547    21264.090
     816.864      100.400     6396.547    21264.090
     818.865       99.900     6396.547    21264.090
     820.868       99.900     6396.547    21264.090
     822.869      100.400     6396.547    21264.090
     824.872       99.900     6396.547    21264.090
     826.874       99.900     6396.547    21264.090
     828.876       99.900     6396.547    21264.090
     830.877      100.400     6396.547    21264.090
     832.880       99.900     6396.547    21264.090
     834.881       99.900     6396.547    21264.090
     836.884       99.900     6396.547    21264.090
     838.886      100.400     6396.547    21264.090
     840.888       99.900     6396.547    21264.090
     842.889       99.900     6396.547    21264.090
     844.892       99.900     6396.547    21264.090
     846.894      100.400     6396.547    21264.090
     848.896       99.900     6396.547    21264.090
     850.898       99.900     6396.547    21264.090
     852.901       99.900     6396.547    21264.090
     854.903      100.400     6396.547    21264.090
     856.905       99.900     6396.547    21264.090
     858.907       99.900     6396.547    21264.090
     860.909      100.400     6396.547    21264.090
     862.912       99.900     6396.547    21264.090
     864.914       99.900     6396.547    21264.090
     866.916       99.900     6396.547    21264.090
     868.918      100.400     6396.547    21264.090
     870.921       99.900     6396.547    21264.090
     872.923      100.400     6396.547    21264.090
     874.925       99.900     6396.547    21264.090
     876.925      100.500     6396.547    21264.090
     878.928       99.900     6396.547    21264.090
     880.929       99.900     6396.547    21264.090
     882.932       99.900     6396.547    21264.090
     884.933      100.400     6396.547    21264.090
     886.936       99.900     6396.547    21264.090
     888.938       99.900     6396.547    21264.090
     890.940       99.900     6396.547    21264.090
     892.942      100.400     6396.547    21264.090
     894.944       99.900     6396.547    21264.090
     896.947       99.900     6396.547    21264.090
     898.949      100.400     6396.547    21264.090
     900.951       99.900     6396.547    21264.090
     902.953      100.400     6396.547    21264.090
     904.956       99.900     6396.547    21264.090
     906.958       99.900     6396.547    21264.090
     908.960       99.900     6396.547    21264.090
     910.962      100.400     6396.547    21264.090
     912.964       99.900     6396.547    21264.090
     914.967      100.400     6396.547    21264.090
     916.969       99.900     6396.547    21264.090
     918.971       99.900     6396.547    21264.090
     920.973      101.900     6396.547    21264.090
     922.976       99.900     6396.547    21264.090
     924.978       99.900     6396.547    21264.090
     926.980       99.900     6396.547    21264.090
     928.982      100.400     6396.547    21264.090
     930.984       99.900     6396.547    21264.090
     932.987       99.900     6396.547    21264.090
     934.989       99.900     6396.547    21264.090
     936.991      100.400     6396.547    21264.090
     938.993       99.900     6396.547    21264.090
     940.996       99.900     6396.547    21264.090
     942.998      100.400     6396.547    21264.090
     945.000       99.900     6396.547    21264.090
     947.002      100.400     6396.547    21264.090
     949.004       99.900     6396.547    21264.090
     951.007       99.900     6396.547    21264.090
     953.009       99.900     6396.547    21264.090
     955.011      101.400     6396.547    21264.090
     957.013      100.400     6396.547    21264.090
     959.015       99.900     6396.547    21264.090
     961.018      100.400     6396.547    21264.090
     963.018      100.000     6396.547    21264.090
     965.020       99.900     6396.547    21264.090
     967.022       99.900     6396.547    21264.090
     969.025       99.900     6396.547    21264.090
     971.025      100.500     6396.547    21264.090
     973.028       99.900     6396.547    21264.090
     975.030      100.400     6396.547    21264.090
     977.032       99.900     6396.547    21264.090
     979.033       99.900     6396.547    21264.090
     981.036       99.900     6396.547    21264.090
     983.037      100.400     6396.547    21264.090
     985.040       99.900     6396.547    21264.090
     987.041       99.900     6396.547    21264.090
     989.044      100.400     6396.547    21264.090
     991.045       99.900     6396.547    21264.090
     993.048       99.900     6396.547    21264.090
     995.050      100.400     6396.547    21264.090
     997.052       99.900     6396.547    21264.090
     999.054      100.400     6396.547    21264.090
    1001.056       99.900     6396.547    21264.090
    1003.059       99.900     6396.547    21264.090
    1005.061       99.900     6396.547    21264.090
    1007.063      100.400     6396.547    21264.090
    1009.065       99.900     6396.547    21264.090
    1011.068       99.900     6396.547    21264.090
    1013.070      100.400     6396.547    21264.090
    1015.072      100.400     6396.547    21264.090
    1017.073       99.900     6396.547    21264.090
    1019.076       99.900     6396.547    21264.090
    1021.078      100.400     6396.547    21264.090
    1023.080       99.900     6396.547    21264.090
    1025.082       99.900     6396.547    21264.090
    1027.084       99.900     6396.547    21264.090
    1029.087      100.400     6396.547    21264.090
    1031.089       99.900     6396.547    21264.090
    1033.091      100.400     6396.547    21264.090
    1035.093       99.900     6396.547    21264.090
    1037.096       99.900     6396.547    21264.090
    1039.098      100.400     6396.547    21264.090
    1041.100       99.900     6396.613    21264.090
    1043.102      100.400     6396.613    21264.090
    1045.104       99.900     6396.613    21264.090
    1047.107      100.400     6396.613    21264.090
    1049.109      105.900     6396.676    21264.090
    1051.111      100.400     6396.676    21264.090
    1053.113       99.900     6396.676    21264.090
    1055.116       99.900     6396.676    21264.090
    1057.118      100.400     6396.676    21264.090
    1059.120       99.900     6396.676    21264.090
    1061.122       99.900     6396.676    21264.090
    1063.124      100.400     6396.676    21264.090
    1065.127       99.900     6396.676    21264.090
    1067.129       99.900     6396.676    21264.090
    1069.131      100.400     6396.676    21264.090
    1071.133       99.900     6396.676    21264.090
    1073.136       99.900     6396.676    21264.090
    1075.138       99.900     6396.676    21264.090
    1077.140      100.400     6396.676    21264.090
    1079.142       99.900     6396.676    21264.090
    1081.144       99.900     6396.676    21264.090
    1083.147      100.400     6396.676    21264.090
    1085.149       99.900     6396.676    21264.090
    1087.151       99.900     6396.676    21264.090
    1089.153      100.400     6396.676    21264.090
    1091.156       99.900     6396.676    21264.090
    1093.158       99.900     6396.676    21264.090
    1095.160       99.900     6396.676    21264.090
    1097.162      100.400     6396.676    21264.090
    1099.164       99.900     6396.676    21264.090
    1101.167      100.400     6396.676    21264.090
    1103.169       99.900     6396.676    21264.090
    1105.171       99.900     6396.676    21264.090
    1107.173      100.400     6396.676    21264.090
    1109.175       99.900     6396.676    21264.090
    1111.177       99.900     6396.676    21264.090
    1113.180       99.900     6396.676    21264.090
    1115.181      100.400     6396.676    21264.090
    1117.183       99.900     6396.676    21264.090
    1119.185       99.900     6396.676    21264.090
    1121.187       99.900     6396.676    21264.090
    1123.188       99.900     6396.676    21264.090
    1125.190      100.400     6396.676    21264.090
    1127.193       99.900     6396.676    21264.090
    1129.195       99.900     6396.676    21264.090
    1131.197      100.400     6396.676    21264.090
    1133.197      100.500     6396.676    21264.090
    1135.200       99.900     6396.676    21264.090
    1137.202       99.900     6396.676    21264.090
    1139.204       99.900     6396.676    21264.090
    1141.206       99.900     6396.676    21264.090
    1143.209      100.400     6396.676    21264.090
    1145.211       99.900     6396.676    21264.090
    1147.213       99.900     6396.676    21264.090
    1149.215      100.400     6396.676    21264.090
    1151.217       99.900     6396.676    21264.090
    1153.220       99.900     6396.676    21264.090
    1155.221      100.400     6396.676    21264.090
    1157.224       99.900     6396.676    21264.090
    1159.226       99.900     6396.676    21264.090
    1161.228      100.400     6396.676    21264.090
    1163.230       99.900     6396.676    21264.090
    1165.232       99.900     6396.676    21264.090
    1167.235      100.400     6396.676    21264.090
    1169.237       99.900     6396.676    21264.090
    1171.239       99.900     6396.676    21264.090
    1173.241      100.400     6396.676    21264.090
    1175.244       99.900     6396.676    21264.090
    1177.246       99.900     6396.676    21264.090
    1179.248       99.900     6396.676    21264.090
    1181.249      100.400     6396.676    21264.090
    1183.252       99.900     6396.676    21264.090
    1185.254      100.400     6396.676    21264.090
    1187.256       99.900     6396.676    21264.090
    1189.257       99.900     6396.676    21264.090
    1191.260       99.900     6396.676    21264.090
    1193.262      100.400     6396.676    21264.090
    1195.264       99.900     6396.676    21264.090
    1197.266       99.900     6396.676    21264.090
    1199.268      100.400     6396.676    21264.090
    1201.271       99.900     6396.676    21264.090
    1203.273       99.900     6396.676    21264.090
    1205.275      100.400     6396.676    21264.090
    1207.277       99.900     6396.676    21264.090
    1209.280       99.900     6396.676    21264.090
    1211.282      100.400     6396.676    21264.090
    1213.284       99.900     6396.676    21264.090
    1215.286       99.900     6396.676    21264.090
    1217.288       99.900     6396.676    21264.090
    1219.291      100.400     6396.676    21264.090
    1221.293       99.900     6396.676    21264.090
    1223.295      100.400     6396.676    21264.090
    1225.297       99.900     6396.676    21264.090
    1227.300       99.900     6396.676    21264.090
    1229.302      100.400     6396.676    21264.090
    1231.304       99.900     6396.676    21264.090
    1233.306      100.900     6396.676    21264.090
    1235.308      100.400     6396.676    21264.090
    1237.311       99.900     6396.676    21264.090
    1239.313       99.900     6396.676    21264.090
    1241.315      100.400     6396.676    21264.090
    1243.317       99.900     6396.676    21264.090
    1245.320       99.900     6396.676    21264.090
    1247.321      100.400     6396.676    21264.090
    1249.324       99.900     6396.676    21264.090
    1251.325       99.900     6396.676    21264.090
    1253.327       99.900     6396.676    21264.090
    1255.329      100.400     6396.676    21264.090
    1257.331       99.900     6396.676    21264.090
    1259.334      100.400     6396.676    21264.090
    1261.336       99.900     6396.676    21264.090
    1263.338       99.900     6396.676    21264.090
    1265.340       99.900     6396.676    21264.090
    1267.342      100.400     6396.676    21264.090
    1269.345       99.900     6396.676    21264.090
    1271.347       99.900     6396.676    21264.090
    1273.349      100.400     6396.676    21264.090
    1275.351       99.900     6396.676    21264.090
    1277.353      100.400     6396.676    21264.090
    1279.356       99.900     6396.676    21264.090
    1281.358       99.900     6396.676    21264.090
    1283.360       99.900     6396.676    21264.090
    1285.362      100.400     6396.676    21264.090
    1287.365       99.900     6396.676    21264.090
    1289.367       99.900     6396.676    21264.090
    1291.369      100.400     6396.676    21264.090
    1293.371       99.900     6396.676    21264.090
    1295.373      100.400     6396.676    21264.090
    1297.376       99.900     6396.676    21264.090
    1299.378       99.900     6396.676    21264.090
    1301.380       99.900     6396.852    21264.090
    1303.382      100.400     6396.852    21264.090
    1305.385       99.900     6396.852    21264.090
    1307.387       99.900     6396.852    21264.090
    1309.389      100.400     6396.852    21264.090
    1311.391       99.900     6396.852    21264.090
    1313.393      100.400     6396.852    21264.090
    1315.396       99.900     6396.852    21264.090
    1317.398       99.900     6396.852    21264.090
    1319.400       99.900     6396.852    21264.090
    1321.402      100.400     6396.852    21264.090
    1323.405       99.900     6396.852    21264.090
    1325.407       99.900     6396.852    21264.090
    1327.409      100.400     6396.852    21264.090
    1329.411       99.900     6396.852    21264.090
    1331.413      100.400     6396.852    21264.090
    1333.416       99.900     6396.852    21264.090
    1335.418       99.900     6396.852    21264.090
    1337.420       99.900     6396.852    21264.090
    1339.422      100.400     6396.852    21264.090
    1341.425       99.900     6396.852    21264.090
    1343.425      100.000     6396.852    21264.090
    1345.428      100.400     6396.852    21264.090
    1347.429       99.900     6396.852    21264.090
    1349.432       99.900     6396.852    21264.090
    1351.434      100.400     6396.852    21264.090
    1353.436       99.900     6396.852    21264.090
    1355.438       99.900     6396.852    21264.090
    1357.441      100.400     6396.852    21264.090
    1359.443       99.900     6396.852    21264.090
    1361.445       99.900     6396.852    21264.090
    1363.447      100.400     6396.852    21264.090
    1365.449       99.900     6396.852    21264.090
    1367.452       99.900     6396.852    21264.090
    1369.454      100.400     6396.852    21264.090
    1371.456       99.900     6396.852    21264.090
    1373.458       99.900     6396.852    21264.090
    1375.460      100.400     6396.852    21264.090
    1377.463       99.900     6396.852    21264.090
    1379.465       99.900     6396.852    21264.090
    1381.467      100.400     6396.852    21264.090
    1383.469       99.900     6396.852    21264.090
    1385.472       99.900     6396.852    21264.090
    1387.474      100.400     6396.852    21264.090
    1389.476       99.900     6396.852    21264.090
    1391.478       99.900     6396.852    21264.090
    1393.480      100.400     6396.852    21264.090
    1395.483       99.900     6396.852    21264.090
    1397.485      100.400     6396.852    21264.090
    1399.485      100.000     6396.852    21264.090
    1401.488      100.400     6396.852    21264.090
    1403.490       99.900     6396.852    21264.090
    1405.492       99.900     6396.852    21264.090
    1407.494      100.400     6396.852    21264.090
    1409.496       99.900     6396.852    21264.090
    1411.499       99.900     6396.852    21264.090
    1413.501       99.900     6396.852    21264.090
    1415.503      100.400     6396.852    21264.090
    1417.505       99.900     6396.852    21264.090
    1419.508      100.400     6396.852    21264.090
    1421.510       99.900     6396.852    21264.090
    1423.512       99.900     6396.852    21264.090
    1425.514      100.400     6396.852    21264.090
    1427.516       99.900     6396.852    21264.090
    1429.519       99.900     6396.852    21264.090
    1431.521       99.900     6396.852    21264.090
    1433.523      100.400     6396.852    21264.090
    1435.525       99.900     6396.852    21264.090
    1437.528      100.400     6396.852    21264.090
    1439.530       99.900     6396.852    21264.090
    1441.532       99.900     6396.852    21264.090
    1443.534       99.900     6396.852    21264.090
    1445.536       99.900     6396.852    21264.090
    1447.539      100.400     6396.852    21264.090
    1449.541       99.900     6396.852    21264.090
    1451.543       99.900     6396.852    21264.090
    1453.545      100.400     6396.859    21264.090
    1455.547       99.900     6396.859    21264.090
    1457.550       99.900     6396.859    21264.090
    1459.552       99.900     6396.859    21264.090
    1461.554      100.400     6396.859    21264.090
    1463.556       99.900     6396.859    21264.090
    1465.559      100.400     6396.859    21264.090
    1467.561       99.900     6396.859    21264.090
    1469.563       99.900     6396.859    21264.090
    1471.565       99.900     6396.859    21264.090
    1473.567      100.400     6396.859    21264.090
    1475.570       99.900     6396.859    21264.090
    1477.572       99.900     6396.859    21264.090
    1479.574      100.400     6396.859    21264.090
    1481.574      100.000     6396.859    21264.090
    1483.577       99.900     6396.859    21264.090
    1485.577      100.500     6396.859    21264.090
    1487.580       99.900     6396.859    21264.090
    1489.581      100.400     6396.859    21264.090
    1491.584       99.900     6396.859    21264.090
    1493.585      100.400     6396.859    21264.090
    1495.588       99.900     6396.859    21264.090
    1497.590       99.900     6396.859    21264.090
    1499.592       99.900     6396.859    21264.090
    1501.594      100.400     6396.859    21264.090
    1503.596       99.900     6396.859    21264.090
    1505.599      100.400     6396.859    21264.090
    1507.601       99.900     6396.859    21264.090
    1509.603       99.900     6396.859    21264.090
    1511.605      100.400     6396.859    21264.090
    1513.608       99.900     6396.859    21264.090
    1515.610       99.900     6396.859    21264.090
    1517.612       99.900     6396.859    21264.090
    1519.614      100.400     6396.859    21264.090
    1521.616       99.900     6396.859    21264.090
    1523.619      100.400     6396.859    21264.090
    1525.753       99.800     6396.859    21264.090
    1527.756       99.900     6396.859    21264.090
    1529.758      100.400     6396.859    21264.090
    1531.760       99.900     6396.859    21264.090
    1533.762      100.400     6396.859    21264.090
    1535.764       99.900     6396.859    21264.090
    1537.767       99.900     6396.859    21264.090
    1539.769       99.900     6396.859    21264.090
    1541.769      100.500     6396.859    21264.090
    1543.772       99.900     6396.859    21264.090
    1545.773       99.900     6396.859    21264.090
    1547.776      100.400     6396.859    21264.090
    1549.777       99.900     6396.859    21264.090
    1551.778      100.000     6396.859    21264.090
    1553.780       99.900     6396.859    21264.090
    1555.782      100.400     6396.859    21264.090
    1557.784       99.900     6396.859    21264.090
    1559.787       99.900     6396.859    21264.090
    1561.789      100.400     6396.859    21264.090
    1563.791       99.900     6396.859    21264.090
    1565.793       99.900     6396.859    21264.090
    1567.795      100.400     6396.859    21264.090
    1569.798       99.900     6396.859    21264.090
    1571.800       99.900     6396.859    21264.090
    1573.802      100.400     6396.859    21264.090
    1575.804       99.900     6396.859    21264.090
    1577.807      100.400     6396.859    21264.090
    1579.809       99.900     6396.859    21264.090
    1581.811       99.900     6396.859    21264.090
    1583.813      100.400     6396.859    21264.090
    1585.816       99.900     6396.859    21264.090
    1587.818       99.900     6396.859    21264.090
    1589.820       99.900     6396.859    21264.090
    1591.821      100.400     6396.859    21264.090
    1593.823       99.900     6396.859    21264.090
    1595.826      100.400     6396.859    21264.090
    1597.828       99.900     6396.859    21264.090
    1599.830       99.900     6396.859    21264.090
    1601.832      100.400     6396.859    21264.090
    1603.834       99.900     6396.859    21264.090
    1605.837       99.900     6396.859    21264.090
    1607.839      100.400     6396.859    21264.090
    1609.841       99.900     6396.859    21264.090
    1611.843       99.900     6396.859    21264.090
    1613.846      100.400     6396.859    21264.090
    1615.848       99.900     6396.859    21264.090
    1617.849       99.900     6396.859    21264.090
    1619.852       99.900     6396.859    21264.090
    1621.854      100.400     6396.859    21264.090
    1623.856       99.900     6396.859    21264.090
    1625.858       99.900     6396.859    21264.090
    1627.860      100.400     6396.859    21264.090
    1629.863       99.900     6396.859    21264.090
    1631.865       99.900     6396.859    21264.090
    1633.867      100.400     6396.859    21264.090
    1635.869       99.900     6396.859    21264.090
    1637.872       99.900     6396.859    21264.090
    1639.873      100.400     6396.859    21264.090
    1641.876       99.900     6396.859    21264.090
    1643.878      100.400     6396.859    21264.090
    1645.880       99.900     6396.859    21264.090
    1647.881       99.900     6396.859    21264.090
    1649.884       99.900     6396.859    21264.090
    1651.885      100.400     6396.859    21264.090
    1653.888       99.900     6396.859    21264.090
    1655.890       99.900     6396.859    21264.090
    1657.892      100.400     6396.859    21264.090
    1659.894       99.900     6396.859    21264.090
    1661.896       99.900     6396.859    21264.090
    1663.899      100.400     6396.859    21264.090
    1665.901       99.900     6396.859    21264.090
    1667.903      100.400     6396.859    21264.090
    1669.905      100.400     6396.859    21264.090
    1671.908       99.900     6396.859    21264.090
    1673.910       99.900     6396.859    21264.090
    1675.912       99.900     6396.859    21264.090
    1677.914      100.400     6396.859    21264.090
    1679.916       99.900     6396.859    21264.090
    1681.919      100.400     6396.859    21264.090
    1683.921       99.900     6396.859    21264.090
    1685.923       99.900     6396.859    21264.090
    1687.925      100.400     6396.859    21264.090
    1689.928       99.900     6396.859    21264.090
    1691.930       99.900     6396.859    21264.090
    1693.932      100.400     6396.859    21264.090
    1695.934       99.900     6396.859    21264.090
    1697.936       99.900     6396.859    21264.090
    1699.939      100.400     6396.859    21264.090
    1701.941       99.900     6396.859    21264.090
    1703.943      100.400     6396.859    21264.090
    1705.945       99.900     6396.859    21264.090
    1707.948       99.900     6396.859    21264.090
    1709.950      100.400     6396.859    21264.090
    1711.952       99.900     6396.859    21264.090
    1713.954       99.900     6396.859    21264.090
    1715.956       99.900     6396.859    21264.090
    1717.959      100.400     6396.859    21264.090
    1719.961       99.900     6396.859    21264.090
    1721.963      100.400     6396.859    21264.090
    1723.965       99.900     6396.859    21264.090
    1725.968       99.900     6396.859    21264.090
    1727.970      100.400     6396.859    21264.090
    1729.972       99.900     6396.859    21264.090
    1731.974      100.400     6396.859    21264.090
    1733.976       99.900     6396.859    21264.090
    1735.978       99.900     6396.859    21264.090
    1737.981       99.900     6396.859    21264.090
    1739.983      100.400     6396.859    21264.090
    1741.985       99.900     6396.859    21264.090
    1743.985      100.500     6396.859    21264.090
    1745.988       99.900     6396.859    21264.090
    1747.989       99.900     6396.859    21264.090
    1749.992       99.900     6396.859    21264.090
    1751.994      100.400     6396.859    21264.090
    1753.996       99.900     6396.859    21264.090
    1755.998       99.900     6396.859    21264.090
    1758.000      100.400     6396.859    21264.090
    1760.003       99.900     6396.859    21264.090
    1762.005       99.900     6396.859    21264.090
    1764.007      100.400     6396.859    21264.090
    1766.009       99.900     6396.859    21264.090
    1768.011       99.900     6396.859    21264.090
    1770.013      100.400     6396.859    21264.090
    1772.015       99.900     6396.859    21264.090
    1774.017      100.400     6396.859    21264.090
    1776.020       99.900     6396.859    21264.090
    1778.022       99.900     6396.859    21264.090
    1780.024       99.900     6396.859    21264.090
    1782.025      100.400     6396.859    21264.090
    1784.028       99.900     6396.859    21264.090
    1786.029       99.900     6396.859    21264.090
    1788.032      100.400     6396.859    21264.090
    1790.033       99.900     6396.859    21264.090
    1792.036       99.900     6396.859    21264.090
    1794.037      100.400     6396.859    21264.090
    1796.040       99.900     6396.859    21264.090
    1798.041       99.900     6396.859    21264.090
    1800.042      100.500     6396.859    21264.090
    1802.044       99.900     6396.859    21264.090
    1804.045       99.900     6396.859    21264.090
    1806.048       99.900     6396.859    21264.090
    1808.050      100.400     6396.859    21264.090
    1810.052       99.900     6396.859    21264.090
    1812.054      100.400     6396.859    21264.090
    1814.056       99.900     6396.859    21264.090
    1816.059       99.900     6396.859    21264.090
    1818.061       99.900     6396.859    21264.090
    1820.063      100.400     6396.859    21264.090
    1822.065       99.900     6396.859    21264.090
    1824.068      100.400     6396.859    21264.090
    1826.070       99.900     6396.859    21264.090
    1828.072       99.900     6396.859    21264.090
    1830.074      100.400     6396.859    21264.090
    1832.076       99.900     6396.859    21264.090
    1834.079       99.900     6396.859    21264.090
    1836.081      100.400     6396.859    21264.090
    1838.083       99.900     6396.859    21264.090
    1840.085      100.400     6396.859    21264.090
    1842.088       99.900     6396.859    21264.090
    1844.089       99.900     6396.859    21264.090
    1846.092       99.900     6396.859    21264.090
    1848.094      100.400     6396.859    21264.090
    1850.096       99.900     6396.859    21264.090
    1852.098      100.400     6396.859    21264.090
    1854.100       99.900     6396.859    21264.090
    1856.103       99.900     6396.859    21264.090
    1858.105       99.900     6396.859    21264.090
    1860.107      100.400     6396.859    21264.090
    1862.109       99.900     6396.859    21264.090
    1864.112      100.400     6396.859    21264.090
    1866.114       99.900     6396.859    21264.090
    1868.116       99.900     6396.859    21264.090
    1870.118      100.400     6396.859    21264.090
    1872.120       99.900     6396.859    21264.090
    1874.123       99.900     6396.859    21264.090
    1876.125      100.400     6396.859    21264.090
    1878.127       99.900     6396.859    21264.090
    1880.129      100.400     6396.859    21264.090
    1882.131       99.900     6396.859    21264.090
    1884.133       99.900     6396.859    21264.090
    1886.136       99.900     6396.859    21264.090
    1888.138      100.400     6396.859    21264.090
    1890.140       99.900     6396.859    21264.090
    1892.141      100.400     6396.859    21264.090
    1894.144       99.900     6396.859    21264.090
    1896.146      100.400     6396.859    21264.090
    1898.148       99.900     6396.859    21264.090
    1900.149       99.900     6396.859    21264.090
    1902.152      122.900     6397.098    21264.090
    1904.154       99.900     6397.098    21264.090
    1906.156      100.900     6397.098    21264.090
    1908.158      100.400     6397.098    21264.090
    1910.160       99.900     6397.098    21264.090
    1912.163       99.900     6397.098    21264.090
    1914.165       99.900     6397.098    21264.090
    1916.167      100.400     6397.098    21264.090
    1918.169       99.900     6397.098    21264.090
    1920.172       99.900     6397.098    21264.090
    1922.174      100.400     6397.098    21264.090
    1924.175      100.000     6397.098    21264.090
    1926.177       99.900     6397.098    21264.090
    1928.179       99.900     6397.098    21264.090
    1930.181      100.400     6397.098    21264.090
    1932.184       99.900     6397.098    21264.090
    1934.185       99.900     6397.098    21264.090
    1936.188       99.900     6397.098    21264.090
    1938.190      100.400     6397.098    21264.090
    1940.192       99.900     6397.098    21264.090
    1942.194       99.900     6397.098    21264.090
    1944.196      100.400     6397.098    21264.090
    1946.199       99.900     6397.098    21264.090
    1948.201       99.900     6397.098    21264.090
    1950.201      100.000     6397.098    21264.090
    1952.204      100.400     6397.098    21264.090
    1954.205       99.900     6397.098    21264.090
    1956.208       99.900     6397.098    21264.090
    1958.208      100.000     6397.098    21264.090
    1960.210      100.400     6397.098    21264.090
    1962.213       99.900     6397.098    21264.090
    1964.214       99.900     6397.098    21264.090
    1966.216       99.900     6397.098    21264.090
    1968.218      100.400     6397.098    21264.090
    1970.220       99.900     6397.098    21264.090
    1972.223       99.900     6397.098    21264.090
    1974.225       99.900     6397.098    21264.090
    1976.227      100.400     6397.098    21264.090
    1978.229       99.900     6397.098    21264.090
    1980.232       99.900     6397.098    21264.090
    1982.234      100.400     6397.098    21264.090
    1984.235       99.900     6397.098    21264.090
    1986.237      100.400     6397.098    21264.090
    1988.239       99.900     6397.098    21264.090
    1990.242       99.900     6397.098    21264.090
    1992.244       99.900     6397.098    21264.090
    1994.246      100.400     6397.098    21264.090
    1996.248       99.900     6397.098    21264.090
    1998.251       99.900     6397.098    21264.090
    2000.253      100.400     6397.098    21264.090
    2002.255       99.900     6397.098    21264.090
    2004.257       99.900     6397.098    21264.090
    2006.259      100.400     6397.098    21264.090
    2008.262       99.900     6397.098    21264.090
    2010.264       99.900     6397.098    21264.090
    2012.266      100.400     6397.098    21264.090
    2014.267      100.000     6397.098    21264.090
    2016.269       99.900     6397.098    21264.090
    2018.271       99.900     6397.098    21264.090
    2020.274      100.400     6397.098    21264.090
    2022.276       99.900     6397.098    21264.090
    2024.278       99.900     6397.098    21264.090
    2026.280       99.900     6397.098    21264.090
    2028.283      100.400     6397.098    21264.090
    2030.285       99.900     6397.098    21264.090
    2032.287       99.900     6397.098    21264.090
    2034.289      100.400     6397.098    21264.090
    2036.292       99.900     6397.098    21264.090
    2038.294       99.900     6397.098    21264.090
    2040.296       99.900     6397.098    21264.090
    2042.297      100.400     6397.098    21264.090
    2044.300       99.900     6397.098    21264.090
    2046.302       99.900     6397.098    21264.090
    2048.304       99.900     6397.098    21264.090
    2050.306      100.400     6397.098    21264.090
    2052.309       99.900     6397.098    21264.090
    2054.309      100.000     6397.098    21264.090
    2056.311       99.900     6397.098    21264.090
    2058.313       99.900     6397.098    21264.090
    2060.315      100.400     6397.098    21264.090
    2062.317       99.900     6397.098    21264.090
    2064.320      100.400     6397.098    21264.090
    2066.322       99.900     6397.098    21264.090
    2068.324       99.900     6397.098    21264.090
    2070.326      100.400     6397.098    21264.090
    2072.329       99.900     6397.098    21264.090
    2074.331       99.900     6397.098    21264.090
    2076.333       99.900     6397.098    21264.090
    2078.335      100.400     6397.098    21264.090
    2080.337       99.900     6397.098    21264.090
    2082.340       99.900     6397.098    21264.090
    2084.342      100.400     6397.098    21264.090
    2086.344       99.900     6397.098    21264.090
    2088.346       99.900     6397.098    21264.090
    2090.348       99.900     6397.098    21264.090
    2092.351      100.400     6397.098    21264.090
    2094.353       99.900     6397.098    21264.090
    2096.355      100.400     6397.098    21264.090
    2098.357       99.900     6397.098    21264.090
    2100.360       99.900     6397.098    21264.090
    2102.362      100.400     6397.098    21264.090
    2104.364       99.900     6397.098    21264.090
    2106.366       99.900     6397.098    21264.090
    2108.368       99.900     6397.098    21264.090
    2110.371      100.400     6397.098    21264.090
    2112.373       99.900     6397.098    21264.090
    2114.375       99.900     6397.098    21264.090
    2116.377       99.900     6397.098    21264.090
    2118.377      100.500     6397.098    21264.090
    2120.380       99.900     6397.098    21264.090
    2122.382       99.900     6397.098    21264.090
    2124.384       99.900     6397.098    21264.090
    2126.386      100.400     6397.098    21264.090
    2128.389       99.900     6397.098    21264.090
    2130.391       99.900     6397.098    21264.090
    2132.393      100.400     6397.098    21264.090
    2134.395       99.900     6397.098    21264.090
    2136.397      100.400     6397.098    21264.090
    2138.400       99.900     6397.098    21264.090
    2140.402       99.900     6397.098    21264.090
    2142.404       99.900     6397.098    21264.090
    2144.406      100.400     6397.098    21264.090
    2146.409       99.900     6397.098    21264.090
    2148.411       99.900     6397.098    21264.090
    2150.413      100.400     6397.098    21264.090
    2152.415       99.900     6397.098    21264.090
    2154.418      100.400     6397.098    21264.090
    2156.420       99.900     6397.098    21264.090
    2158.422      100.400     6397.098    21264.090
    2160.424       99.900     6397.098    21264.090
    2162.425      100.000     6397.098    21264.090
    2164.428       99.900     6397.098    21264.090
    2166.430      100.400     6397.098    21264.090
    2168.432       99.900     6397.098    21264.090
    2170.434      100.400     6397.098    21264.090
    2172.435      100.000     6397.098    21264.090
    2174.437       99.900     6397.098    21264.090
    2176.437      100.000     6397.098    21264.090
    2178.440       99.900     6397.098    21264.090
    2180.442       99.900     6397.098    21264.090
    2182.444      100.400     6397.098    21264.090
    2184.446       99.900     6397.098    21264.090
    2186.449       99.900     6397.098    21264.090
    2188.451      100.400     6397.098    21264.090
    2190.453       99.900     6397.098    21264.090
    2192.455       99.900     6397.098    21264.090
    2194.457      100.400     6397.098    21264.090
    2196.460       99.900     6397.098    21264.090
    2198.462       99.900     6397.098    21264.090
    2200.464      100.400     6397.098    21264.090
    2202.466       99.900     6397.098    21264.090
    2204.469       99.900     6397.098    21264.090
    2206.471      100.400     6397.098    21264.090
    2208.473       99.900     6397.098    21264.090
    2210.475       99.900     6397.098    21264.090
    2212.477      100.400     6397.098    21264.090
    2214.480       99.900     6397.098    21264.090
    2216.482      100.400     6397.098    21264.090
    2218.484       99.900     6397.098    21264.090
    2220.486       99.900     6397.098    21264.090
    2222.488       99.900     6397.098    21264.090
    2224.491      100.400     6397.098    21264.090
    2226.493       99.900     6397.098    21264.090
    2228.495       99.900     6397.098    21264.090
    2230.497      100.400     6397.098    21264.090
    2232.500       99.900     6397.098    21264.090
    2234.502       99.900     6397.098    21264.090
    2236.504      100.400     6397.098    21264.090
    2238.506       99.900     6397.098    21264.090
    2240.508       99.900     6397.098    21264.090
    2242.511      100.400     6397.098    21264.090
    2244.513       99.900     6397.098    21264.090
    2246.515       99.900     6397.098    21264.090
    2248.517      100.400     6397.098    21264.090
    2250.520       99.900     6397.098    21264.090
    2252.522       99.900     6397.098    21264.090
    2254.524       99.900     6397.098    21264.090
    2256.526      100.400     6397.098    21264.090
    2258.528       99.900     6397.098    21264.090
    2260.529      100.000     6397.098    21264.090
    2262.532      100.400     6397.098    21264.090
    2264.534       99.900     6397.098    21264.090
    2266.536       99.900     6397.098    21264.090
    2268.538      100.400     6397.098    21264.090
    2270.541       99.900     6397.098    21264.090
    2272.543       99.900     6397.098    21264.090
    2274.545       99.900     6397.098    21264.090
    2276.547      100.400     6397.098    21264.090
    2278.549       99.900     6397.098    21264.090
    2280.552       99.900     6397.098    21264.090
    2282.553      100.400     6397.098    21264.090
    2284.556       99.900     6397.098    21264.090
    2286.558       99.900     6397.098    21264.090
    2288.560      100.400     6397.098    21264.090
    2290.561       99.900     6397.098    21264.090
    2292.564       99.900     6397.098    21264.090
    2294.566      100.400     6397.098    21264.090
    2296.568       99.900     6397.098    21264.090
    2298.570       99.900     6397.098    21264.090
    2300.572       99.900     6397.098    21264.090
    2302.573      100.400     6397.098    21264.090
    2304.576       99.900     6397.098    21264.090
    2306.577       99.900     6397.098    21264.090
    2308.580       99.900     6397.098    21264.090
    2310.581      100.400     6397.098    21264.090
    2312.584       99.900     6397.098    21264.090
    2314.586       99.900     6397.098    21264.090
    2316.588      100.400     6397.098    21264.090
    2318.590       99.900     6397.098    21264.090
    2320.592       99.900     6397.098    21264.090
    2322.595      100.400     6397.098    21264.090
    2324.597       99.900     6397.098    21264.090
    2326.599       99.900     6397.098    21264.090
    2328.601      100.400     6397.098    21264.090
    2330.604       99.900     6397.098    21264.090
    2332.606       99.900     6397.098    21264.090
    2334.608       99.900     6397.098    21264.090
    2336.610      100.400     6397.098    21264.090
    2338.612       99.900     6397.098    21264.090
    2340.615      100.400     6397.098    21264.090
    2342.617       99.900     6397.098    21264.090
    2344.617      100.000     6397.098    21264.090
    2346.620       99.900     6397.098    21264.090
    2348.622      100.400     6397.098    21264.090
    2350.624       99.400     6397.098    21264.090
    2352.626      100.400     6397.098    21264.090
    2354.628       99.900     6397.098    21264.090
    2356.631       99.900     6397.098    21264.090
    2358.633      100.400     6397.098    21264.090
    2360.633      100.500     6397.098    21264.090
    2362.636       99.900     6397.098    21264.090
    2364.637       99.900     6397.098    21264.090
    2366.640       99.900     6397.098    21264.090
    2368.642      100.400     6397.098    21264.090
    2370.644       99.900     6397.098    21264.090
    2372.645       99.900     6397.098    21264.090
    2374.648       99.900     6397.098    21264.090
    2376.650      100.400     6397.098    21264.090
    2378.652       99.900     6397.098    21264.090
    2380.654      100.400     6397.098    21264.090
    2382.656       99.900     6397.098    21264.090
    2384.659       99.900     6397.098    21264.090
    2386.661       99.900     6397.098    21264.090
    2388.663      100.400     6397.098    21264.090
    2390.665       99.900     6397.098    21264.090
    2392.668       99.900     6397.098    21264.090
    2394.670      100.400     6397.098    21264.090
    2396.672       99.900     6397.098    21264.090
    2398.674      100.400     6397.098    21264.090
    2400.676       99.900     6397.098    21264.090
    2402.677      100.000     6397.098    21264.090
    2404.680       99.900     6397.098    21264.090
    2406.682      100.400     6397.098    21264.090
    2408.684       99.900     6397.098    21264.090
    2410.685       99.900     6397.098    21264.090
    2412.688       99.900     6397.098    21264.090
    2414.690      100.400     6397.098    21264.090
    2416.692       99.900     6397.098    21264.090
    2418.694      100.400     6397.098    21264.090
    2420.696       99.900     6397.098    21264.090
    2422.697      100.000     6397.098    21264.090
    2424.700       99.900     6397.098    21264.090
    2426.702      100.400     6397.098    21264.090
    2428.704       99.900     6397.098    21264.090
    2430.706       99.900     6397.098    21264.090
    2432.708      100.400     6397.098    21264.090
    2434.709      100.000     6397.098    21264.090
    2436.712       99.900     6397.098    21264.090
    2438.714      100.400     6397.098    21264.090
    2440.716       99.900     6397.098    21264.090
    2442.718       99.900     6397.098    21264.090
    2444.720       99.900     6397.098    21264.090
    2446.722      100.400     6397.098    21264.090
    2448.724       99.900     6397.098    21264.090
    2450.726      100.400     6397.098    21264.090
    2452.728       99.900     6397.098    21264.090
    2454.729       99.900     6397.098    21264.090
    2456.732       99.900     6397.098    21264.090
    2458.734      100.400     6397.098    21264.090
    2460.736       99.900     6397.098    21264.090
    2462.738      100.400     6397.098    21264.090
    2464.741       99.900     6397.098    21264.090
    2466.741      100.000     6397.098    21264.090
    2468.744       99.900     6397.098    21264.090
    2470.745      100.400     6397.098    21264.090
    2472.748       99.900     6397.098    21264.090
    2474.750       99.900     6397.098    21264.090
    2476.752      100.400     6397.098    21264.090
    2478.754       99.900     6397.098    21264.090
    2480.757       99.900     6397.098    21264.090
    2482.759      100.400     6397.098    21264.090
    2484.761       99.900     6397.098    21264.090
    2486.763      100.400     6397.098    21264.090
    2488.765       99.900     6397.098    21264.090
    2490.768       99.900     6397.098    21264.090
    2492.770      100.400     6397.098    21264.090
    2494.772       99.900     6397.098    21264.090
    2496.774       99.900     6397.098    21264.090
    2498.776      100.400     6397.098    21264.090
    2500.778       99.900     6397.098    21264.090
    2502.780       99.900     6397.098    21264.090
    2504.783      100.400     6397.098    21264.090
    2506.785       99.900     6397.098    21264.090
    2508.787       99.900     6397.098    21264.090
    2510.789      100.400     6397.098    21264.090
    2512.791       99.900     6397.098    21264.090
    2514.794      100.400     6397.098    21264.090
    2516.796       99.900     6397.098    21264.090
    2518.798       99.900     6397.098    21264.090
    2520.800      100.400     6397.098    21264.090
    2522.803       99.900     6397.098    21264.090
    2524.805       99.900     6397.098    21264.090
    2526.807      100.400     6397.098    21264.090
    2528.809       99.900     6397.098    21264.090
    2530.812      100.400     6397.098    21264.090
    2532.814       99.900     6397.098    21264.090
    2534.816       99.900     6397.098    21264.090
    2536.818      100.400     6397.098    21264.090
    2538.820       99.900     6397.098    21264.090
    2540.821      100.500     6397.098    21264.090
    2542.824       99.900     6397.098    21264.090
    2544.825      120.900     6433.438    21264.090
    2546.828       99.900     6433.438    21264.090
    2548.829      100.400     6433.438    21264.090
    2550.832       99.900     6433.438    21264.090
    2552.834       99.900     6433.438    21264.090
    2554.836       99.900     6433.438    21264.090
    2556.838      100.400     6433.438    21264.090
    2558.841       99.900     6433.438    21264.090
    2560.843       99.900     6433.438    21264.090
    2562.845       99.900     6433.438    21264.090
    2564.847      100.400     6433.438    21264.090
    2566.849       99.900     6433.438    21264.090
    2568.852       99.900     6433.438    21264.090
    2570.854      100.400     6433.438    21264.090
    2572.856       99.900     6433.438    21264.090
    2574.858       99.900     6433.438    21264.090
    2576.861       99.900     6433.438    21264.090
    2578.862      100.400     6433.438    21264.090
    2580.864       99.900     6433.438    21264.090
    2582.866       99.900     6433.438    21264.090
    2584.869       99.900     6433.438    21264.090
    2586.871      100.400     6433.438    21264.090
    2588.873       99.900     6433.438    21264.090
    2590.875       99.900     6433.438    21264.090
    2592.878      100.400     6433.438    21264.090
    2594.880       99.900     6433.438    21264.090
    2596.882      100.400     6433.438    21264.090
    2598.884       99.900     6433.438    21264.090
    2600.886       99.900     6433.438    21264.090
    2602.889       99.900     6433.438    21264.090
    2604.890      100.400     6433.438    21264.090
    2606.892       99.900     6433.438    21264.090
    2608.895      100.400     6433.438    21264.090
    2610.897       99.900     6433.438    21264.090
    2612.899       99.900     6433.438    21264.090
    2614.901      100.400     6433.438    21264.090
    2616.904       99.900     6433.438    21264.090
    2618.906       99.900     6433.438    21264.090
    2620.908       99.900     6433.438    21264.090
    2622.910      100.400     6433.438    21264.090
    2624.912       99.900     6433.438    21264.090
    2626.915      100.400     6433.438    21264.090
    2628.917       99.900     6433.438    21264.090
    2630.919       99.900     6433.438    21264.090
    2632.921      100.400     6433.438    21264.090
    2634.923       99.900     6433.438    21264.090
    2636.925       99.900     6433.438    21264.090
    2638.925      100.000     6433.438    21264.090
    2640.928      100.400     6433.438    21264.090
    2642.929       99.900     6433.438    21264.090
    2644.932       99.900     6433.438    21264.090
    2646.934      107.900     6433.438    21264.090
    2648.935      100.000     6433.438    21264.090
    2650.937       99.900     6433.438    21264.090
    2652.939      100.400     6433.438    21264.090
    2654.941       99.900     6433.438    21264.090
    2656.944       99.900     6433.438    21264.090
    2658.946      100.400     6433.438    21264.090
    2660.948       99.900     6433.438    21264.090
    2662.950       99.900     6433.438    21264.090
    2664.952       99.900     6433.438    21264.090
    2666.955      100.400     6433.438    21264.090
    2668.957      100.400     6433.438    21264.090
    2670.959       99.900     6433.438    21264.090
    2672.961      100.400     6433.438    21264.090
    2674.964       99.900     6433.438    21264.090
    2676.966       99.900     6433.438    21264.090
    2678.968       99.900     6433.438    21264.090
    2680.970       99.900     6433.438    21264.090
    2682.972       99.900     6433.438    21264.090
    2684.973      100.500     6433.438    21264.090
    2686.976       99.900     6433.438    21264.090
    2688.978      100.400     6433.438    21264.090
    2690.980       99.900     6433.438    21264.090
    2692.982       99.900     6433.438    21264.090
    2694.984       99.900     6433.438    21264.090
    2696.987      100.400     6433.438    21264.090
    2698.989       99.900     6433.438    21264.090
    2700.989      100.500     6433.438    21264.090
    2702.992       99.900     6433.438    21264.090
    2704.994       99.900     6433.438    21264.090
    2706.996       99.900     6433.438    21264.090
    2708.998      100.400     6433.438    21264.090
    2711.000       99.900     6433.438    21264.090
    2713.001      100.500     6433.438    21264.090
    2715.004       99.900     6433.438    21264.090
    2717.005      109.400     6433.438    21264.090
    2719.008       99.900     6433.438    21264.090
    2721.009      100.400     6433.438    21264.090
    2723.012       99.900     6433.438    21264.090
    2725.014       99.900     6433.438    21264.090
    2727.016       99.900     6433.438    21264.090
    2729.017      100.400     6433.438    21264.090
    2731.020       99.900     6433.438    21264.090
    2733.022       99.900     6433.438    21264.090
    2735.024       99.900     6433.438    21264.090
    2737.026      100.400     6433.438    21264.090
    2739.028       99.900     6433.438    21264.090
    2741.029      100.000     6433.438    21264.090
    2743.032       99.900     6433.438    21264.090
    2745.033      100.400     6433.438    21264.090
    2747.036       99.900     6433.438    21264.090
    2749.037       99.900     6433.438    21264.090
    2751.040      100.400     6433.438    21264.090
    2753.042      101.400     6433.438    21264.090
    2755.044       99.900     6433.438    21264.090
    2757.046      100.400     6433.438    21264.090
    2759.048      100.400     6433.438    21264.090
    2761.051       99.900     6433.438    21264.090
    2763.053       99.900     6433.438    21264.090
    2765.055      100.400     6433.438    21264.090
    2767.057       99.900     6433.438    21264.090
    2769.060       99.900     6433.438    21264.090
    2771.062      100.400     6433.438    21264.090
    2773.064       99.900     6433.438    21264.090
    2775.066       99.900     6433.438    21264.090
    2777.069      100.400     6433.438    21264.090
    2779.071       99.900     6433.438    21264.090
    2781.073       99.900     6433.438    21264.090
    2783.075      108.900     6433.438    21264.090
    2785.077       99.900     6433.438    21264.090
    2787.080      100.400     6433.438    21264.090
    2789.082       99.900     6433.438    21264.090
    2791.084       99.900     6433.438    21264.090
    2793.086      100.400     6433.438    21264.090
    2795.089       99.900     6433.438    21264.090
    2797.091       99.900     6433.438    21264.090
    2799.093       99.900     6433.438    21264.090
    2801.095      100.400     6433.438    21264.090
    2803.097       99.900     6433.438    21264.090
    2805.100       99.900     6433.438    21264.090
    2807.102      100.400     6433.438    21264.090
    2809.104       99.900     6433.438    21264.090
    2811.106       99.900     6433.438    21264.090
    2813.109       99.900     6433.438    21264.090
    2815.111       99.900     6433.438    21264.090
    2817.113      100.400     6433.438    21264.090
    2819.115       99.900     6433.438    21264.090
    2821.117      100.400     6433.438    21264.090
    2823.120       99.900     6433.438    21264.090
    2825.121      100.400     6433.438    21264.090
    2827.124       99.900     6433.438    21264.090
    2829.125      100.400     6433.438    21264.090
    2831.128       99.900     6433.438    21264.090
    2833.130       99.900     6433.438    21264.090
    2835.132       99.900     6433.438    21264.090
    2837.133      100.400     6433.438    21264.090
    2839.136       99.900     6433.438    21264.090
    2841.138      100.400     6433.438    21264.090
    2843.140       99.900     6433.438    21264.090
    2845.142       99.900     6433.438    21264.090
    2847.144      109.900     6433.746    21264.090
    2849.147       99.900     6433.746    21264.090
    2851.149       99.900     6433.746    21264.090
    2853.151       99.900     6433.746    21264.090
    2855.153      100.400     6433.746    21264.090
    2857.156       99.900     6433.746    21264.090
    2859.157      100.400     6433.746    21264.090
    2861.160       99.900     6433.746    21264.090
    2863.161       99.900     6433.746    21264.090
    2865.164       99.900     6433.746    21264.090
    2867.165      100.400     6433.746    21264.090
    2869.168       99.900     6433.746    21264.090
    2871.170       99.900     6433.746    21264.090
    2873.172       99.900     6433.746    21264.090
    2875.174      100.400     6433.746    21264.090
    2877.175      100.000     6433.746    21264.090
    2879.175      100.000     6433.746    21264.090
    2881.177       99.900     6433.746    21264.090
    2883.180       99.900     6433.746    21264.090
    2885.181      100.400     6433.746    21264.090
    2887.184       99.900     6433.746    21264.090
    2889.185      100.400     6433.746    21264.090
    2891.188       99.900     6433.746    21264.090
    2893.189       99.900     6433.746    21264.090
    2895.192       99.900     6433.746    21264.090
    2897.193      100.400     6433.746    21264.090
    2899.196       99.900     6433.746    21264.090
    2901.196      100.000     6433.746    21264.090
    2903.198       99.900     6433.746    21264.090
    2905.201      100.400     6433.746    21264.090
    2907.202       99.900     6433.746    21264.090
    2909.204       99.900     6433.746    21264.090
    2911.206      100.400     6433.746    21264.090
    2913.208      107.400     6433.746    21264.090
    2915.211      100.400     6433.746    21264.090
    2917.213       99.900     6433.746    21264.090
    2919.215       99.900     6433.746    21264.090
    2921.217      100.400     6433.746    21264.090
    2923.220       99.900     6433.746    21264.090
    2925.222       99.900     6433.746    21264.090
    2927.224       99.900     6433.746    21264.090
    2929.226      100.400     6433.746    21264.090
    2931.228       99.900     6433.746    21264.090
    2933.231      100.400     6433.746    21264.090
    2935.233       99.900     6433.746    21264.090
    2937.233      100.500     6433.746    21264.090
    2939.236       99.900     6433.746    21264.090
    2941.238       99.900     6433.746    21264.090
    2943.240       99.900     6433.746    21264.090
    2945.242      100.400     6433.746    21264.090
    2947.244       99.900     6433.746    21264.090
    2949.247      100.400     6433.746    21264.090
    2951.248       99.900     6433.746    21264.090
    2953.249       99.900     6433.746    21264.090
    2955.252       99.900     6433.746    21264.090
    2957.254      100.400     6433.746    21264.090
    2959.256       99.900     6433.746    21264.090
    2961.258      100.400     6433.746    21264.090
    2963.260       99.900     6433.746    21264.090
    2965.261      100.000     6433.746    21264.090
    2967.264      100.400     6433.746    21264.090
    2969.265       99.900     6433.746    21264.090
    2971.268       99.900     6433.746    21264.090
    2973.269      100.400     6433.746    21264.090
    2975.271       99.900     6433.746    21264.090
    2977.273      107.400     6433.746    21264.090
    2979.275       99.900     6433.746    21264.090
    2981.277      100.400     6433.746    21264.090
    2983.280       99.900     6433.746    21264.090
    2985.282       99.900     6433.746    21264.090
    2987.284       99.900     6433.746    21264.090
    2989.286      100.400     6433.746    21264.090
    2991.288       99.900     6433.746    21264.090
    2993.289      100.000     6433.746    21264.090
    2995.292       99.900     6433.746    21264.090
    2997.293      100.400     6433.746    21264.090
    2999.296       99.900     6433.746    21264.090
    3001.298       99.900     6433.746    21264.090
    3003.300       99.900     6433.746    21264.090
    3005.302      100.400     6433.746    21264.090
    3007.304       99.900     6433.746    21264.090
    3009.305      100.000     6433.746    21264.090
    3011.308      100.400     6433.746    21264.090
    3013.310       99.900     6433.746    21264.090
    3015.312       99.900     6433.746    21264.090
    3017.314      100.400     6433.746    21264.090
    3019.316       99.900     6433.746    21264.090
    3021.319       99.900     6433.746    21264.090
    3023.321      100.400     6433.746    21264.090
    3025.323       99.900     6433.746    21264.090
    3027.325      100.400     6433.746    21264.090
    3029.328       99.900     6433.746    21264.090
    3031.330       99.900     6433.746    21264.090
    3033.332      100.400     6433.746    21264.090
    3035.333       99.900     6433.746    21264.090
    3037.336       99.900     6433.746    21264.090
    3039.338      100.400     6433.746    21264.090
    3041.340       99.900     6433.746    21264.090
    3043.341      105.900     6433.746    21264.090
    3045.344       99.900     6433.746    21264.090
    3047.346      100.400     6433.746    21264.090
    3049.348       99.900     6433.746    21264.090
    3051.350       99.900     6433.746    21264.090
    3053.353       99.900     6433.746    21264.090
    3055.355      100.400     6433.746    21264.090
    3057.357       99.900     6433.746    21264.090
    3059.359       99.900     6433.746    21264.090
    3061.361      100.400     6433.746    21264.090
    3063.364       99.900     6433.746    21264.090
    3065.366       99.900     6433.746    21264.090
    3067.368       99.900     6433.746    21264.090
    3069.370      100.400     6433.746    21264.090
    3071.373       99.900     6433.746    21264.090
    3073.375      100.400     6433.746    21264.090
    3075.377       99.900     6433.746    21264.090
    3077.379       99.900     6433.746    21264.090
    3079.381      100.400     6433.746    21264.090
    3081.384       99.900     6433.746    21264.090
    3083.386       99.900     6433.746    21264.090
    3085.388      100.400     6433.746    21264.090
    3087.390       99.900     6433.746    21264.090
    3089.393       99.900     6433.746    21264.090
    3091.395      100.400     6433.746    21264.090
    3093.397       99.900     6433.746    21264.090
    3095.399       99.900     6433.746    21264.090
    3097.401      100.400     6433.746    21264.090
    3099.404       99.900     6433.746    21264.090
    3101.406      100.400     6433.746    21264.090
    3103.408       99.900     6433.746    21264.090
    3105.410      105.900     6433.746    21264.090
    3107.413       99.900     6433.746    21264.090
    3109.415      100.400     6433.746    21264.090
    3111.417       99.900     6433.746    21264.090
    3113.419       99.900     6433.746    21264.090
    3115.421      100.400     6433.746    21264.090
    3117.424       99.900     6433.746    21264.090
    3119.426       99.900     6433.746    21264.090
    3121.428       99.900     6433.746    21264.090
    3123.430      100.400     6433.746    21264.090
    3125.433       99.900     6433.746    21264.090
    3127.435       99.900     6433.746    21264.090
    3129.437       99.900     6433.746    21264.090
    3131.439      100.400     6433.746    21264.090
    3133.442       99.900     6433.746    21264.090
    3135.444       99.900     6433.746    21264.090
    3137.446      100.400     6433.746    21264.090
    3139.448       99.900     6433.746    21264.090
    3141.450      100.400     6433.746    21264.090
    3143.453       99.900     6433.746    21264.090
    3145.453      100.000     6433.746    21264.090
    3147.456       99.900     6433.746    21264.090
    3149.457      100.400     6433.746    21264.090
    3151.460       99.900     6433.746    21264.090
    3153.461      100.400     6433.746    21264.090
    3155.464       99.900     6433.746    21264.090
    3157.465       99.900     6433.746    21264.090
    3159.468      100.400     6433.746    21264.090
    3161.469       99.900     6433.746    21264.090
    3163.472       99.900     6433.746    21264.090
    3165.473      100.400     6433.746    21264.090
    3167.476      106.400     6433.746    21264.090
    3169.477       99.900     6433.746    21264.090
    3171.480       99.900     6433.746    21264.090
    3173.482      100.400     6433.746    21264.090
    3175.484       99.900     6433.746    21264.090
    3177.485       99.900     6433.746    21264.090
    3179.488       99.900     6433.746    21264.090
    3181.490       99.900     6433.746    21264.090
    3183.492      100.400     6433.746    21264.090
    3185.494       99.900     6433.746    21264.090
    3187.496       99.900     6433.746    21264.090
    3189.499      100.400     6433.746    21264.090
    3191.501       99.900     6433.746    21264.090
    3193.503       99.900     6433.746    21264.090
    3195.505      100.400     6433.746    21264.090
    3197.508       99.900     6433.746    21264.090
    3199.509       99.900     6433.746    21264.090
    3201.512       99.900     6433.746    21264.090
    3203.514      100.400     6433.746    21264.090
    3205.516       99.900     6433.746    21264.090
    3207.518      100.400     6433.746    21264.090
    3209.521       99.900     6433.746    21264.090
    3211.523       99.900     6433.746    21264.090
    3213.525       99.900     6433.746    21264.090
    3215.527      100.400     6433.746    21264.090
    3217.529      100.400     6433.746    21264.090
    3219.532       99.900     6433.746    21264.090
    3221.533      100.400     6433.746    21264.090
    3223.536       99.900     6433.746    21264.090
    3225.538      100.400     6433.746    21264.090
    3227.540       99.900     6433.746    21264.090
    3229.542       99.900     6433.746    21264.090
    3231.544      106.900     6433.746    21264.090
    3233.547       99.900     6433.746    21264.090
    3235.549       99.900     6433.746    21264.090
    3237.551      100.400     6433.746    21264.090
    3239.553       99.900     6433.746    21264.090
    3241.556       99.900     6433.746    21264.090
    3243.558      100.400     6433.746    21264.090
    3245.560       99.900     6433.746    21264.090
    3247.562       99.900     6433.746    21264.090
    3249.564       99.900     6433.746    21264.090
    3251.567      100.400     6433.746    21264.090
    3253.569       99.900     6433.746    21264.090
    3255.571       99.900     6433.746    21264.090
    3257.573      100.400     6433.746    21264.090
    3259.576       99.900     6433.746    21264.090
    3261.578       99.900     6433.746    21264.090
    3263.580       99.900     6433.746    21264.090
    3265.582      100.400     6433.746    21264.090
    3267.585       99.900     6433.746    21264.090
    3269.587      100.400     6433.746    21264.090
    3271.589       99.900     6433.746    21264.090
    3273.589      100.000     6433.746    21264.090
    3275.592      100.400     6433.746    21264.090
    3277.593       99.900     6433.746    21264.090
    3279.596       99.900     6433.746    21264.090
    3281.597      100.400     6433.746    21264.090
    3283.600      100.400     6433.746    21264.090
    3285.601       99.900     6433.746    21264.090
    3287.604       99.900     6433.746    21264.090
    3289.605      100.400     6433.746    21264.090
    3291.608      104.400     6433.746    21264.090
    3293.609       99.900     6433.746    21264.090
    3295.612       99.900     6433.746    21264.090
    3297.613       99.900     6433.746    21264.090
    3299.616       99.900     6433.746    21264.090
    3301.618      100.400     6433.746    21264.090
    3303.620       99.900     6433.746    21264.090
    3305.622       99.900     6433.746    21264.090
    3307.625       99.900     6433.746    21264.090
    3309.625      100.500     6433.746    21264.090
    3311.628       99.900     6433.746    21264.090
    3313.630       99.900     6433.746    21264.090
    3315.632      100.400     6433.746    21264.090
    3317.634      100.400     6433.746    21264.090
    3319.637       99.900     6433.746    21264.090
    3321.639       99.900     6433.746    21264.090
    3323.641       99.900     6433.746    21264.090
    3325.643      100.400     6433.746    21264.090
    3327.645       99.900     6433.746    21264.090
    3329.648       99.900     6433.746    21264.090
    3331.650      100.400     6433.746    21264.090
    3333.652       99.900     6433.746    21264.090
    3335.654       99.900     6433.746    21264.090
    3337.657      100.400     6433.746    21264.090
    3339.657      100.000     6433.746    21264.090
    3341.660       99.900     6433.746    21264.090
    3343.661      100.400     6433.746    21264.090
    3345.664       99.900     6433.746    21264.090
    3347.665      100.400     6433.746    21264.090
    3349.668       99.900     6433.746    21264.090
    3351.670       99.900     6433.746    21264.090
    3353.672      104.400     6433.746    21264.090
    3355.674      100.400     6433.746    21264.090
    3357.677       99.900     6433.746    21264.090
    3359.679       99.900     6433.746    21264.090
    3361.681       99.900     6433.746    21264.090
    3363.681      100.500     6433.746    21264.090
    3365.684       99.900     6433.746    21264.090
    3367.686       99.900     6433.746    21264.090
    3369.688       99.900     6433.746    21264.090
    3371.689      100.400     6433.746    21264.090
    3373.692       99.900     6433.746    21264.090
    3375.694       99.900     6433.746    21264.090
    3377.696      100.400     6433.746    21264.090
    3379.698      100.400     6433.746    21264.090
    3381.701       99.900     6433.746    21264.090
    3383.703       99.900     6433.746    21264.090
    3385.705       99.900     6433.746    21264.090
    3387.707      100.400     6433.746    21264.090
    3389.709      100.400     6433.746    21264.090
    3391.712       99.900     6433.746    21264.090
    3393.714       99.900     6433.746    21264.090
    3395.716       99.900     6433.746    21264.090
    3397.718      100.400     6433.746    21264.090
    3399.721       99.900     6433.746    21264.090
    3401.722      100.400     6433.746    21264.090
    3403.724       99.900     6433.746    21264.090
    3405.726       99.900     6433.746    21264.090
    3407.728      100.400     6433.746    21264.090
    3409.729       99.900     6433.746    21264.090
    3411.732       99.900     6433.746    21264.090
    3413.734      100.400     6433.746    21264.090
    3415.736       99.900     6433.746    21264.090
    3417.738      105.400     6433.746    21264.090
    3419.741       99.900     6433.746    21264.090
    3421.743      100.400     6433.746    21264.090
    3423.745       99.900     6433.746    21264.090
    3425.747       99.900     6433.746    21264.090
    3427.749      100.400     6433.746    21264.090
    3429.752       99.900     6433.746    21264.090
    3431.753       99.900     6433.746    21264.090
    3433.755       99.900     6433.746    21264.090
    3435.757      114.900     6433.875    21264.090
    3437.759      100.400     6433.875    21264.090
    3439.761       99.900     6433.875    21264.090
    3441.764      140.300     6434.215    21264.090
    3443.766      100.900     6434.215    21264.090
    3445.768      100.900     6434.215    21264.090
    3447.769      100.900     6434.215    21264.090
    3449.772      100.900     6434.215    21264.090
    3451.773      100.900     6434.215    21264.090
    3453.776      100.400     6434.215    21264.090
    3455.778      100.900     6434.215    21264.090
    3457.780      100.400     6434.215    21264.090
    3459.782      100.900     6434.215    21264.090
    3461.785      100.400     6434.215    21264.090
    3463.787      100.900     6434.215    21264.090
    3465.789      100.900     6434.215    21264.090
    3467.791      100.400     6434.215    21264.090
    3469.793      100.400     6434.215    21264.090
    3471.796      100.900     6434.215    21264.090
    3473.798      100.900     6434.215    21264.090
    3475.800      100.400     6434.473    21264.090
    3477.802      100.400     6434.473    21264.090
    3479.805      100.900     6434.473    21264.090
    3481.807      100.400     6434.473    21264.090
    3483.809      100.400     6434.473    21264.090
    3485.811      100.900     6434.473    21264.090
    3487.814      100.900     6434.473    21264.090
    3489.816      100.400     6434.473    21264.090
    3491.818      100.900     6434.473    21264.090
    3493.820      100.400     6434.473    21264.090
    3495.822      100.400     6434.473    21264.090
    3497.825      100.400     6434.473    21264.090
    3499.827      100.900     6434.473    21264.090
    3501.829      100.900     6434.473    21264.090
    3503.831      100.400     6434.473    21264.090
    3505.834      100.400     6434.473    21264.090
    3507.836      100.900     6434.473    21264.090
    3509.837      100.400     6434.473    21264.090
    3511.840      100.400     6434.473    21264.090
    3513.842      100.900     6434.473    21264.090
