# Elapsed time   CPU (%)     Real (MB)   Virtual (MB)
       0.000        0.000       40.262    19310.867
       2.001      293.800      746.938    21392.090
       4.003      293.700     1374.734    21392.090
       6.005      104.400     1847.258    21392.090
       8.007      103.900     2070.523    21392.090
      10.010      104.400     2374.727    21392.090
      12.012      111.900     3025.617    21392.090
      14.014      200.800     3039.188    21392.090
      16.016      106.400     3021.629    21392.090
      18.018      107.400     3022.133    21392.090
      20.021      103.400     3017.098    21392.090
      22.021      100.500     3017.098    21392.090
      24.023      103.400     3017.180    21392.090
      26.026      103.400     3017.180    21392.090
      28.028      102.900     3017.180    21392.090
      30.029      103.400     3017.180    21392.090
      32.031      103.900     3017.180    21392.090
      34.034      104.400     3017.180    21392.090
      36.036      121.400     3023.316    21392.090
      38.037      135.900     3039.020    21392.090
      40.039      100.900     3039.504    21392.090
      42.041      101.400     3028.039    21392.090
      44.043      100.900     3028.039    21392.090
      46.045      101.400     3028.039    21392.090
      48.047       99.900     3028.039    21392.090
      50.049      100.900     3028.039    21392.090
      52.051      100.400     3028.488    21392.090
      54.053      100.400     3028.488    21392.090
      56.055      101.400     3028.641    21392.090
      58.058      101.400     3029.074    21392.090
      60.060      100.900     3029.258    21392.090
      62.062      101.400     3029.258    21392.090
      64.064       99.900     3029.258    21392.090
      66.067      101.400     3029.258    21392.090
      68.069      100.900     3029.477    21392.090
      70.071      101.400     3029.477    21392.090
      72.073      100.900     3029.477    21392.090
      74.075      100.400     3029.477    21392.090
      76.077      100.900     3029.477    21392.090
      78.079      100.900     3029.477    21392.090
      80.082      101.400     3029.477    21392.090
      82.084      168.800     3074.871    21392.090
      84.086      117.900     3075.051    21392.090
      86.088       99.900     3064.211    21392.090
      88.090       99.900     3064.211    21392.090
      90.093       99.900     3064.211    21392.090
      92.095      100.400     3064.211    21392.090
      94.097      100.900     3064.273    21392.090
      96.099       99.900     3064.273    21392.090
      98.102       99.900     3064.273    21392.090
     100.104      100.400     3064.273    21392.090
     102.106      100.400     3064.273    21392.090
     104.108       99.900     3064.273    21392.090
     106.110      104.900     3064.414    21392.090
     108.113       99.900     3064.414    21392.090
     110.115      100.400     3064.414    21392.090
     112.117       99.900     3064.414    21392.090
     114.119       99.900     3064.414    21392.090
     116.122      100.400     3064.414    21392.090
     118.124      100.400     3064.414    21392.090
     120.126       99.900     3064.414    21392.090
     122.128       99.900     3064.414    21392.090
     124.129      100.500     3064.414    21392.090
     126.131      100.400     3064.414    21392.090
     128.134       99.900     3064.414    21392.090
     130.134      100.000     3064.414    21392.090
     132.137      100.400     3064.414    21392.090
     134.139       99.900     3064.414    21392.090
     136.141      100.400     3064.414    21392.090
     138.143       99.900     3064.414    21392.090
     140.145       99.900     3064.414    21392.090
     142.148       99.900     3064.414    21392.090
     144.150      100.400     3064.414    21392.090
     146.152       99.900     3064.414    21392.090
     148.154       99.900     3064.414    21392.090
     150.157       99.900     3064.414    21392.090
     152.159      100.400     3064.414    21392.090
     154.161       99.900     3064.414    21392.090
     156.163       99.900     3064.414    21392.090
     158.165      100.400     3064.414    21392.090
     160.168       99.900     3064.414    21392.090
     162.170      100.400     3064.414    21392.090
     164.172       99.900     3064.414    21392.090
     166.174       99.900     3064.414    21392.090
     168.177       99.900     3064.414    21392.090
     170.179      100.400     3064.414    21392.090
     172.181       99.900     3064.414    21392.090
     174.183      100.400     3064.414    21392.090
     176.184      100.000     3064.414    21392.090
     178.186       99.900     3064.414    21392.090
     180.188       99.900     3064.414    21392.090
     182.191      100.400     3064.414    21392.090
     184.193       99.900     3064.414    21392.090
     186.195      100.400     3064.414    21392.090
     188.197       99.900     3064.414    21392.090
     190.200       99.900     3064.414    21392.090
     192.202      100.400     3064.414    21392.090
     194.204       99.900     3064.414    21392.090
     196.206       99.900     3064.414    21392.090
     198.208      100.400     3064.414    21392.090
     200.211       99.900     3064.414    21392.090
     202.213       99.900     3064.414    21392.090
     204.215      100.400     3064.414    21392.090
     206.217       99.900     3064.414    21392.090
     208.220       99.900     3064.414    21392.090
     210.222      100.400     3064.414    21392.090
     212.224       99.900     3064.414    21392.090
     214.226       99.900     3064.414    21392.090
     216.228       99.900     3064.414    21392.090
     218.231      100.400     3064.414    21392.090
     220.233       99.900     3064.414    21392.090
     222.235      101.400     3064.414    21392.090
     224.237      100.400     3064.414    21392.090
     226.240       99.900     3064.414    21392.090
     228.242      100.400     3064.508    21392.090
     230.244      100.400     3064.508    21392.090
     232.246      104.900     3064.508    21392.090
     234.248       99.900     3064.508    21392.090
     236.251       99.900     3064.508    21392.090
     238.253       99.900     3064.508    21392.090
     240.255      100.400     3064.508    21392.090
     242.257       99.900     3064.508    21392.090
     244.260      100.400     3064.508    21392.090
     246.262       99.900     3064.508    21392.090
     248.264       99.900     3064.508    21392.090
     250.266      100.400     3064.508    21392.090
     252.268       99.900     3064.508    21392.090
     254.269      100.000     3064.508    21392.090
     256.271       99.900     3064.508    21392.090
     258.273      100.400     3064.508    21392.090
     260.275       99.900     3064.508    21392.090
     262.277       99.900     3064.508    21392.090
     264.279       99.900     3064.508    21392.090
     266.281       99.900     3064.508    21392.090
     268.281      100.500     3064.508    21392.090
     270.283       99.900     3064.508    21392.090
     272.286       99.900     3064.508    21392.090
     274.288      100.400     3064.508    21392.090
     276.290       99.900     3064.508    21392.090
     278.292      100.400     3064.508    21392.090
     280.294       99.900     3064.582    21392.090
     282.297       99.900     3064.582    21392.090
     284.299      100.400     3064.582    21392.090
     286.301       99.900     3064.582    21392.090
     288.303      101.400     3064.582    21392.090
     290.305       99.900     3064.582    21392.090
     292.307       99.900     3064.582    21392.090
     294.310      100.400     3064.582    21392.090
     296.312       99.900     3064.582    21392.090
     298.314       99.900     3064.582    21392.090
     300.316       99.900     3064.582    21392.090
     302.318       99.900     3064.582    21392.090
     304.321       99.900     3064.582    21392.090
     306.323      100.400     3064.582    21392.090
     308.325       99.900     3064.582    21392.090
     310.327      100.400     3064.582    21392.090
     312.330       99.900     3064.582    21392.090
     314.332       99.900     3064.582    21392.090
     316.334      100.400     3064.582    21392.090
     318.336       99.900     3064.582    21392.090
     320.338       99.900     3064.582    21392.090
     322.341       99.900     3064.582    21392.090
     324.343      100.400     3064.582    21392.090
     326.345       99.900     3064.582    21392.090
     328.347       99.900     3064.582    21392.090
     330.350      100.400     3064.582    21392.090
     332.352       99.900     3064.582    21392.090
     334.354      100.400     3064.582    21392.090
     336.356       99.900     3064.582    21392.090
     338.358       99.900     3064.582    21392.090
     340.361       99.900     3064.582    21392.090
     342.361      100.500     3064.582    21392.090
     344.363       99.900     3064.582    21392.090
     346.366       99.900     3064.582    21392.090
     348.368      100.400     3064.582    21392.090
     350.370       99.900     3064.582    21392.090
     352.372       99.900     3064.582    21392.090
     354.373      100.500     3064.582    21392.090
     356.375       99.900     3064.582    21392.090
     358.378       99.900     3064.582    21392.090
     360.380       99.900     3064.582    21392.090
     362.382      100.400     3064.582    21392.090
     364.384      100.400     3064.582    21392.090
     366.386      100.900     3064.582    21392.090
     368.388       99.900     3064.582    21392.090
     370.390      100.400     3064.582    21392.090
     372.393       99.900     3064.582    21392.090
     374.395       99.900     3064.582    21392.090
     376.397      100.400     3064.582    21392.090
     378.399       99.900     3064.582    21392.090
     380.402      100.400     3064.582    21392.090
     382.404       99.900     3064.582    21392.090
     384.406       99.900     3064.582    21392.090
     386.408       99.900     3064.582    21392.090
     388.409      100.000     3064.582    21392.090
     390.411      100.400     3064.582    21392.090
     392.414       99.900     3064.582    21392.090
     394.416       99.900     3064.582    21392.090
     396.417      100.400     3064.582    21392.090
     398.419       99.900     3064.582    21392.090
     400.421       99.900     3064.582    21392.090
     402.423       99.900     3064.582    21392.090
     404.426      100.400     3064.648    21392.090
     406.428      100.400     3064.648    21392.090
     408.430       99.900     3064.648    21392.090
     410.432      105.900     3064.648    21392.090
     412.434       99.900     3064.648    21392.090
     414.437       99.900     3064.648    21392.090
     416.437      100.500     3064.648    21392.090
     418.439       99.900     3064.648    21392.090
     420.442       99.900     3064.648    21392.090
     422.444       99.900     3064.648    21392.090
     424.445      100.400     3064.648    21392.090
     426.447       99.900     3064.648    21392.090
     428.449      100.400     3064.648    21392.090
     430.451       99.900     3064.648    21392.090
     432.454       99.900     3064.648    21392.090
     434.456       99.900     3064.648    21392.090
     436.457      100.400     3064.648    21392.090
     438.459       99.900     3064.648    21392.090
     440.462       99.900     3064.648    21392.090
     442.464       99.900     3064.648    21392.090
     444.466      100.400     3064.648    21392.090
     446.468       99.900     3064.648    21392.090
     448.470       99.900     3064.648    21392.090
     450.473      100.400     3064.648    21392.090
     452.475       99.900     3064.648    21392.090
     454.477      100.400     3064.648    21392.090
     456.479       99.900     3064.648    21392.090
     458.481       99.900     3064.648    21392.090
     460.483       99.900     3064.648    21392.090
     462.486      100.400     3064.648    21392.090
     464.488       99.900     3064.648    21392.090
     466.490       99.900     3064.648    21392.090
     468.492      100.400     3064.648    21392.090
     470.493       99.900     3064.648    21392.090
     472.496       99.900     3064.648    21392.090
     474.498      100.400     3064.648    21392.090
     476.500       99.900     3064.648    21392.090
     478.502       99.900     3064.648    21392.090
     480.504       99.900     3064.648    21392.090
     482.507      100.400     3064.648    21392.090
     484.509       99.900     3064.648    21392.090
     486.509      100.000     3064.648    21392.090
     488.511      100.400     3064.648    21392.090
     490.514       99.900     3064.648    21392.090
     492.516       99.900     3064.648    21392.090
     494.518      100.400     3064.648    21392.090
     496.520       99.900     3064.648    21392.090
     498.522       99.900     3064.648    21392.090
     500.524       99.900     3064.648    21392.090
     502.526      100.400     3064.648    21392.090
     504.528       99.900     3064.648    21392.090
     506.531      100.400     3064.648    21392.090
     508.533       99.900     3064.648    21392.090
     510.535       99.900     3064.648    21392.090
     512.537      101.400     3064.648    21392.090
     514.539       99.900     3064.648    21392.090
     516.542       99.900     3064.648    21392.090
     518.544       99.900     3064.648    21392.090
     520.546      100.400     3064.648    21392.090
     522.548       99.900     3064.648    21392.090
     524.551       99.900     3064.648    21392.090
     526.553      100.400     3064.648    21392.090
     528.555       99.900     3064.648    21392.090
     530.557      100.400     3064.648    21392.090
     532.559       99.900     3064.648    21392.090
     534.561       99.900     3064.648    21392.090
     536.563       99.900     3064.648    21392.090
     538.566      100.400     3064.648    21392.090
     540.568       99.900     3064.648    21392.090
     542.570       99.900     3064.648    21392.090
     544.572      100.400     3064.648    21392.090
     546.574       99.900     3064.648    21392.090
     548.577       99.900     3064.648    21392.090
     550.577      100.500     3064.648    21392.090
     552.579       99.400     3064.648    21392.090
     554.581      100.400     3064.648    21392.090
     556.583       99.900     3064.648    21392.090
     558.585      100.400     3064.648    21392.090
     560.587       99.900     3064.648    21392.090
     562.590       99.900     3064.648    21392.090
     564.592       99.900     3064.648    21392.090
     566.593      100.400     3064.648    21392.090
     568.595       99.900     3064.648    21392.090
     570.598      100.400     3064.648    21392.090
     572.600       99.900     3064.648    21392.090
     574.602       99.900     3064.648    21392.090
     576.604       99.900     3064.648    21392.090
     578.605      100.500     3064.648    21392.090
     580.607       99.900     3064.648    21392.090
     582.610       99.900     3064.648    21392.090
     584.612      100.400     3064.648    21392.090
     586.613       99.900     3064.648    21392.090
     588.615       99.900     3064.648    21392.090
     590.617      100.400     3064.648    21392.090
     592.619       99.900     3064.648    21392.090
     594.621      100.400     3064.648    21392.090
     596.623       99.900     3064.648    21392.090
     598.625      100.400     3064.648    21392.090
     600.627       99.900     3064.648    21392.090
     602.630       99.900     3064.648    21392.090
     604.632      100.400     3064.648    21392.090
     606.634       99.900     3064.648    21392.090
     608.636       99.900     3064.648    21392.090
     610.638      100.400     3064.648    21392.090
     612.641       99.900     3064.648    21392.090
     614.643       99.900     3064.648    21392.090
     616.645      100.400     3064.648    21392.090
     618.647       99.900     3064.648    21392.090
     620.650       99.900     3064.648    21392.090
     622.652       99.900     3064.648    21392.090
     624.654      100.400     3064.648    21392.090
     626.656       99.900     3064.648    21392.090
     628.658       99.900     3064.648    21392.090
     630.661       99.900     3064.648    21392.090
     632.663      100.400     3064.648    21392.090
     634.665      100.400     3064.648    21392.090
     636.667       99.900     3064.648    21392.090
     638.669       99.900     3064.648    21392.090
     640.671       99.900     3064.648    21392.090
     642.673      100.400     3064.648    21392.090
     644.675       99.900     3064.648    21392.090
     646.677      100.400     3064.648    21392.090
     648.679      120.900     3174.707    21392.090
     650.681      100.400     3174.707    21392.090
     652.683       99.900     3174.707    21392.090
     654.686       99.900     3174.707    21392.090
     656.688       99.900     3174.707    21392.090
     658.690      100.400     3174.707    21392.090
     660.692       99.900     3174.707    21392.090
     662.695       99.900     3174.707    21392.090
     664.697       99.900     3174.707    21392.090
     666.697      100.500     3174.707    21392.090
     668.699       99.900     3174.707    21392.090
     670.701       99.900     3174.707    21392.090
     672.703       99.900     3174.707    21392.090
     674.706       99.900     3174.707    21392.090
     676.708      100.400     3174.707    21392.090
     678.710       99.900     3174.707    21392.090
     680.712       99.900     3174.809    21392.090
     682.714       99.900     3174.809    21392.090
     684.717       99.900     3174.809    21392.090
     686.719      100.400     3174.809    21392.090
     688.721       99.900     3174.809    21392.090
     690.723       99.900     3174.809    21392.090
     692.726      100.400     3174.809    21392.090
     694.728       99.900     3174.809    21392.090
     696.730       99.900     3174.809    21392.090
     698.732       99.900     3174.809    21392.090
     700.734       99.900     3174.809    21392.090
     702.737       99.900     3174.809    21392.090
     704.739      100.400     3174.809    21392.090
     706.741       99.900     3174.809    21392.090
     708.743       99.900     3174.809    21392.090
     710.746      100.900     3174.809    21392.090
     712.748       99.900     3174.809    21392.090
     714.750       99.900     3174.809    21392.090
     716.752       99.900     3174.809    21392.090
     718.754      100.400     3174.809    21392.090
     720.757       99.900     3174.809    21392.090
     722.757      100.000     3174.809    21392.090
     724.759       99.900     3174.809    21392.090
     726.762      100.400     3174.809    21392.090
     728.764       99.900     3174.809    21392.090
     730.766       99.900     3174.809    21392.090
     732.768      100.400     3174.809    21392.090
     734.771       99.900     3174.809    21392.090
     736.773      100.400     3174.871    21392.090
     738.775       99.900     3174.871    21392.090
     740.777      100.400     3174.871    21392.090
     742.779       99.900     3174.871    21392.090
     744.782      100.400     3174.871    21392.090
     746.784       99.900     3174.871    21392.090
     748.784      100.000     3174.871    21392.090
     750.787       99.900     3174.871    21392.090
     752.789       99.900     3174.871    21392.090
     754.789      100.500     3174.871    21392.090
     756.791       99.900     3174.871    21392.090
     758.794       99.900     3174.871    21392.090
     760.796       99.900     3174.871    21392.090
     762.798      100.400     3174.871    21392.090
     764.800       99.900     3174.871    21392.090
     766.801      100.500     3174.871    21392.090
     768.803       99.900     3174.871    21392.090
     770.806      117.900     3175.129    21392.090
     772.808       99.900     3175.129    21392.090
     774.809      100.400     3175.129    21392.090
     776.811       99.900     3175.129    21392.090
     778.814       99.900     3175.129    21392.090
     780.816       99.900     3175.129    21392.090
     782.818      100.400     3175.129    21392.090
     784.820       99.900     3175.129    21392.090
     786.822       99.900     3175.129    21392.090
     788.825       99.900     3175.129    21392.090
     790.827      100.400     3175.129    21392.090
     792.829       99.900     3175.129    21392.090
     794.831      100.400     3175.129    21392.090
     796.834       99.900     3175.129    21392.090
     798.834      100.000     3175.129    21392.090
     800.837       99.900     3175.129    21392.090
     802.837      102.000     3175.129    21392.090
     804.839       99.900     3175.129    21392.090
     806.841       99.900     3175.129    21392.090
     808.843       99.900     3175.129    21392.090
     810.844      100.500     3175.129    21392.090
     812.846       99.900     3175.129    21392.090
     814.848       99.900     3175.129    21392.090
     816.849      100.500     3175.129    21392.090
     818.851       99.900     3175.129    21392.090
     820.854      100.400     3175.129    21392.090
     822.856      119.400     3175.645    21392.090
     824.857       99.900     3175.645    21392.090
     826.859       99.900     3175.645    21392.090
     828.861      100.400     3175.645    21392.090
     830.863       99.900     3175.645    21392.090
     832.865       99.900     3175.645    21392.090
     834.866       99.900     3175.645    21392.090
     836.869      100.400     3175.645    21392.090
     838.871       99.900     3175.645    21392.090
     840.873      100.400     3175.645    21392.090
     842.875       99.900     3175.645    21392.090
     844.878       99.900     3175.645    21392.090
     846.880       99.900     3175.645    21392.090
     848.882      100.400     3175.645    21392.090
     850.884       99.900     3175.645    21392.090
     852.887       99.900     3175.645    21392.090
     854.889       99.900     3175.645    21392.090
     856.891      100.400     3175.645    21392.090
     858.893      100.400     3175.645    21392.090
     860.895       99.900     3175.645    21392.090
     862.898       99.900     3175.645    21392.090
     864.900      118.900     3175.645    21392.090
     866.902       99.900     3175.645    21392.090
     868.904       99.900     3175.645    21392.090
     870.907      100.400     3175.645    21392.090
     872.909       99.900     3175.645    21392.090
     874.911       99.900     3175.645    21392.090
     876.913      100.400     3175.645    21392.090
     878.915       99.900     3175.645    21392.090
     880.918       99.900     3175.645    21392.090
     882.920      100.400     3175.645    21392.090
     884.922       99.900     3175.645    21392.090
     886.924       99.900     3175.645    21392.090
     888.927      100.400     3175.645    21392.090
     890.929       99.900     3175.645    21392.090
     892.931      100.400     3175.645    21392.090
     894.933       99.900     3175.645    21392.090
     896.935       99.900     3175.645    21392.090
     898.938      100.400     3175.645    21392.090
     900.940       99.900     3175.645    21392.090
     902.942       99.900     3175.645    21392.090
     904.944       99.900     3175.645    21392.090
     906.947      100.400     3175.645    21392.090
     908.949      118.400     3175.645    21392.090
     910.951      100.400     3175.645    21392.090
     912.953       99.900     3175.645    21392.090
     914.955       99.900     3175.645    21392.090
     916.958      100.400     3175.645    21392.090
     918.960       99.900     3175.645    21392.090
     920.962       99.900     3175.645    21392.090
     922.964      100.400     3175.645    21392.090
     924.967       99.900     3175.645    21392.090
     926.969       99.900     3175.645    21392.090
     928.971      100.400     3175.645    21392.090
     930.973       99.900     3175.645    21392.090
     932.975       99.900     3175.645    21392.090
     934.978      100.400     3175.645    21392.090
     936.980       99.900     3175.645    21392.090
     938.982      100.400     3175.645    21392.090
     940.984       99.900     3175.645    21392.090
     942.987       99.900     3175.645    21392.090
     944.989       99.900     3175.645    21392.090
     946.991      100.400     3175.645    21392.090
     948.993      100.400     3175.645    21392.090
     950.995      119.900     3175.645    21392.090
     952.998       99.900     3175.645    21392.090
     955.000       99.900     3175.645    21392.090
     957.002      100.400     3175.645    21392.090
     959.004       99.900     3175.645    21392.090
     961.006       99.900     3175.645    21392.090
     963.009      100.400     3175.645    21392.090
     965.011       99.900     3175.645    21392.090
     967.013      100.400     3175.645    21392.090
     969.015       99.900     3175.645    21392.090
     971.018       99.900     3175.645    21392.090
     973.020       99.900     3175.645    21392.090
     975.022      100.400     3175.645    21392.090
     977.024       99.900     3175.645    21392.090
     979.027      100.400     3175.645    21392.090
     981.029       99.900     3175.645    21392.090
     983.031       99.900     3175.645    21392.090
     985.033      100.400     3175.645    21392.090
     987.035       99.900     3175.645    21392.090
     989.037      100.400     3175.645    21392.090
     991.039       99.900     3175.645    21392.090
     993.041       99.900     3175.645    21392.090
     995.043      100.400     3175.645    21392.090
     997.046      117.900     3175.777    21392.090
     999.048       99.900     3175.777    21392.090
    1001.049      100.400     3175.777    21392.090
    1003.051       99.900     3175.777    21392.090
    1005.053       99.900     3175.777    21392.090
    1007.055      100.400     3175.777    21392.090
    1009.057       99.900     3175.777    21392.090
    1011.059       99.900     3175.777    21392.090
    1013.061      100.400     3175.777    21392.090
    1015.063       99.900     3175.777    21392.090
    1017.065       99.900     3175.777    21392.090
    1019.067      100.400     3175.777    21392.090
    1021.069       99.900     3175.777    21392.090
    1023.071       99.900     3175.777    21392.090
    1025.074      100.400     3175.777    21392.090
    1027.076       99.900     3175.777    21392.090
    1029.077      100.400     3175.777    21392.090
    1031.079       99.900     3175.777    21392.090
    1033.081       99.900     3175.777    21392.090
    1035.083      117.900     3175.777    21392.090
    1037.086      100.400     3175.777    21392.090
    1039.088       99.900     3175.777    21392.090
    1041.090       99.900     3175.777    21392.090
    1043.092       99.900     3175.777    21392.090
    1045.095      100.400     3175.777    21392.090
    1047.097       99.900     3175.777    21392.090
    1049.099      100.400     3175.777    21392.090
    1051.101       99.900     3175.777    21392.090
    1053.103       99.900     3175.777    21392.090
    1055.106      100.400     3175.777    21392.090
    1057.108       99.900     3175.777    21392.090
    1059.110       99.900     3175.777    21392.090
    1061.112      100.400     3175.777    21392.090
    1063.115       99.900     3175.777    21392.090
    1065.117       99.900     3175.777    21392.090
    1067.119      100.400     3175.777    21392.090
    1069.121       99.900     3175.777    21392.090
    1071.124      100.400     3175.777    21392.090
    1073.126       99.900     3175.777    21392.090
    1075.128      118.400     3176.293    21392.090
    1077.130       99.900     3176.293    21392.090
    1079.133       99.900     3176.293    21392.090
    1081.133      100.500     3176.293    21392.090
    1083.135       99.900     3176.293    21392.090
    1085.138       99.900     3176.293    21392.090
    1087.140       99.900     3176.293    21392.090
    1089.142      158.800     3177.188    21392.090
