# Elapsed time   CPU (%)     Real (MB)   Virtual (MB)
       0.000        0.000       38.910    19315.520
       2.001      204.400      930.648    20420.633
       4.003      100.900      930.676    20420.633
       6.005      121.400     1091.199    20556.695
       8.007      130.400     1091.199    20556.695
      10.009      131.400     1088.309    20556.695
      12.012      132.400     1088.309    20556.695
      14.013      135.400     1091.137    20556.695
      16.015      130.900     1091.137    20556.695
      18.017      148.900     1146.195    20816.727
      20.019      142.800     1146.195    20816.727
      22.021      152.800     1271.379    20880.727
      24.022      100.000     1271.379    20880.727
      26.022      100.000     1271.379    20880.727
      28.025       99.900     1271.379    20880.727
      30.027       99.900     1271.379    20880.727
      32.029       99.900     1268.473    20880.727
      34.031       99.900     1268.473    20880.727
      36.034      100.400     1268.473    20880.727
      38.036       99.400     1268.473    20880.727
      40.038      100.400     1268.473    20880.727
      42.040       99.900     1268.473    20880.727
      44.043      100.900     1268.473    20880.727
      46.045      100.400     1268.473    20880.727
      48.047      100.400     1268.473    20880.727
      50.049       99.900     1268.473    20880.727
      52.051      142.800     1271.586    20880.727
      54.053      136.800     1271.586    20880.727
      56.056      138.800     1271.586    20880.727
      58.057      136.400     1271.586    20880.727
      60.058      136.900     1271.586    20880.727
      62.060      142.800     1275.969    20880.727
      64.061      181.900     1302.828    20946.742
      66.063      132.900     1302.828    20946.742
      68.065      132.900     1302.828    20946.742
      70.068      133.400     1302.828    20946.742
      72.070      121.900     1303.363    20946.742
      74.072       99.900     1303.363    20946.742
      76.074      100.400     1297.656    20946.742
      78.077      135.800     1300.746    20946.742
      80.079      139.800     1300.746    20946.742
      82.081      165.300     1326.742    20946.742
      84.083      134.800     1328.031    20946.742
      86.085      129.400     1328.031    20946.742
      88.088      128.400     1328.031    20946.742
      90.090      125.400     1328.289    20946.742
      92.092      144.800     1328.805    20946.742
      94.093      157.900     1329.473    20946.742
      96.095      180.300     1329.473    20946.742
      98.097      161.300     1329.473    20946.742
     100.100      127.900     1574.711    20946.742
     102.102      163.300     1812.949    20946.742
     104.104      133.400     2076.434    20946.742
     106.105      132.900     2077.398    20946.742
     108.107      104.400     2077.398    20946.742
     110.109      132.900     2390.008    20946.742
     112.111      104.400     2485.914    20946.742
     114.113      131.900     2486.172    20946.742
     116.115       99.900     2486.172    20946.742
     118.117      102.400     2486.172    20946.742
     120.119      100.400     2486.172    20946.742
     122.121      100.900     2486.172    20946.742
     124.123       99.900     2486.172    20946.742
     126.125      100.400     2486.172    20946.742
     128.127       99.900     2486.172    20946.742
     130.129      100.400     2486.172    20946.742
     132.131      100.900     2486.172    20946.742
     134.133      100.400     2486.172    20946.742
     136.136      127.400     2492.359    20946.742
     138.138      101.900     2492.359    20946.742
     140.140       99.900     2492.359    20946.742
     142.142      132.900     2492.609    20946.742
     144.145       99.900     2492.609    20946.742
     146.147      126.400     2492.609    20946.742
     148.149      102.400     2492.609    20946.742
     150.151      101.900     2492.609    20946.742
     152.153      100.400     2492.609    20946.742
     154.156       99.900     2492.609    20946.742
     156.158      135.800     2492.609    20946.742
     158.160       99.900     2492.609    20946.742
     160.162      101.900     2493.383    20946.742
     162.165      126.400     2493.383    20946.742
     164.167      102.900     2493.891    20946.742
     166.169      134.400     2493.891    20946.742
     168.171       99.900     2493.891    20946.742
     170.173      100.400     2493.891    20946.742
     172.173      100.000     2493.891    20946.742
     174.176      127.900     2493.891    20946.742
     176.178      100.400     2493.891    20946.742
     178.180       99.900     2493.891    20946.742
     180.182      100.400     2493.891    20946.742
     182.185      100.400     2493.891    20946.742
     184.187      133.300     2493.891    20946.742
     186.189      100.400     2493.891    20946.742
     188.192       99.900     2493.891    20946.742
     190.194      128.400     2493.891    20946.742
     192.196       99.900     2493.891    20946.742
     194.198      100.400     2493.891    20946.742
     196.201       99.900     2493.891    20946.742
     198.203       99.900     2493.891    20946.742
     200.205      135.300     2494.160    21138.742
     202.207       99.900     2494.160    21138.742
     204.210      100.400     2494.160    21138.742
     206.212      125.900     2494.266    21138.742
     208.214       99.900     2494.266    21138.742
     210.217       99.900     2494.266    21138.742
     212.219      132.800     2494.344    21138.742
     214.221      100.400     2494.344    21138.742
     216.223       99.900     2494.344    21138.742
     218.226       99.900     2494.344    21138.742
     220.228      129.400     2495.633    21138.742
     222.230      100.400     2495.633    21138.742
     224.232       99.900     2495.633    21138.742
     226.235      100.400     2495.633    21138.742
     228.237       99.900     2495.633    21138.742
     230.239       99.900     2495.633    21138.742
     232.241      100.400     2495.633    21138.742
     234.244       99.900     2495.633    21138.742
     236.246      100.400     2495.633    21138.742
     238.248       99.900     2495.633    21138.742
     240.251       99.900     2495.633    21138.742
     242.253      100.400     2495.633    21138.742
     244.255       99.900     2495.633    21138.742
     246.257      132.800     2495.633    21138.742
     248.260       99.900     2495.633    21138.742
     250.262       99.900     2495.633    21138.742
     252.264      126.900     2495.633    21138.742
     254.266       99.900     2495.633    21138.742
     256.269       99.900     2495.633    21138.742
     258.271       99.900     2495.633    21138.742
     260.273      133.300     2495.633    21138.742
     262.275       99.900     2495.633    21138.742
     264.278       99.900     2495.633    21138.742
     266.280      123.900     2495.633    21138.742
     268.282      100.400     2495.633    21138.742
     270.285       99.400     2495.633    21138.742
     272.287       99.900     2495.633    21138.742
     274.289       99.900     2495.633    21138.742
     276.291       99.900     2495.633    21138.742
     278.294       99.900     2495.633    21138.742
     280.296      132.800     2495.633    21138.742
     282.297      100.000     2495.633    21138.742
     284.299       99.400     2495.633    21138.742
     286.301      100.400     2495.633    21138.742
     288.304       99.400     2495.633    21138.742
     290.306      127.400     2495.633    21138.742
     292.308       99.900     2495.633    21138.742
     294.310      100.400     2495.633    21138.742
     296.313       99.900     2495.633    21138.742
     298.315       99.400     2495.633    21138.742
     300.317      135.900     2495.633    21138.742
     302.319       99.900     2495.633    21138.742
     304.321       99.900     2495.633    21138.742
     306.324      125.900     2495.633    21138.742
     308.326      100.400     2495.633    21138.742
     310.328       99.400     2495.891    21138.742
     312.330      100.400     2495.891    21138.742
     314.333      133.800     2495.891    21138.742
     316.335       99.900     2495.891    21138.742
     318.337       99.400     2495.891    21138.742
     320.340       99.900     2495.891    21138.742
     322.342      125.400     2495.891    21138.742
     324.344       99.400     2495.891    21138.742
     326.346      100.400     2495.891    21138.742
     328.349      132.400     2495.891    21138.742
     330.351       99.900     2495.891    21138.742
     332.353       99.900     2495.891    21138.742
     334.355      128.400     2495.891    21138.742
