# Elapsed time   CPU (%)     Real (MB)   Virtual (MB)
       0.000        0.000        1.781       13.820
       2.002       76.400      140.762      151.305
       4.004       99.900      140.762      151.305
       6.007      100.400      140.762      151.305
       8.009       99.900      140.762      151.305
      10.011       99.900      140.762      151.305
      12.013       99.900      140.762      151.305
      14.015      100.400      141.441      151.402
      16.018       99.900      141.441      151.402
      18.020       99.900      141.441      151.402
      20.022       99.900      141.441      151.402
      22.024       99.900      141.441      151.402
      24.027      100.400      141.441      151.402
      26.029       99.900      141.441      151.402
      28.031       99.900      141.441      151.402
      30.033      100.400      141.441      151.402
      32.035       99.900      141.441      151.402
      34.037       99.900      141.441      151.402
      36.039       99.900      141.441      151.402
      38.041       99.900      141.441      151.402
      40.043       99.900      141.441      151.402
      42.045      100.400      141.441      151.402
      44.048       99.900      141.441      151.402
      46.049       99.900      141.441      151.402
      48.051       99.900      141.441      151.402
      50.053      100.400      141.441      151.402
      52.056       99.900      141.441      151.402
      54.057       99.900      141.441      151.402
      56.059       99.900      141.695      151.918
      58.061       99.900      141.695      151.918
      60.063       99.900      141.695      151.918
      62.066      100.400      141.695      151.918
      64.068       99.900      141.953      151.906
      66.070       99.900      142.723      153.152
      68.072       99.900      142.723      153.152
      70.075      100.400      142.723      153.152
      72.077       99.900      142.723      153.152
      74.079       99.900      142.723      153.152
      76.081       99.900      142.723      153.152
      78.084       99.900      142.723      153.152
      80.086      100.400      142.723      153.152
      82.088       99.900      142.723      153.152
      84.090       99.900      142.723      153.152
      86.093       99.900      142.723      153.152
      88.095      100.400      142.723      153.152
      90.097       99.900      142.723      153.152
      92.099       99.900      142.980      153.152
      94.101       99.900      142.980      153.152
      96.104       99.900      142.980      153.152
      98.106      100.400      142.980      153.152
     100.108       99.900      142.980      153.152
     102.110       99.900      142.980      153.152
     104.113       99.900      142.980      153.152
     106.115      100.400      142.980      153.152
     108.117       99.900      142.980      153.152
     110.119       99.900      142.980      153.152
     112.122       99.900      142.980      153.152
     114.124       99.900      142.980      153.152
     116.126      100.400      142.980      153.152
     118.128       99.900      142.980      153.152
     120.131       99.900      142.980      153.152
     122.133       99.900      142.980      153.152
     124.133      100.500      142.980      153.152
     126.136       99.900      142.980      153.152
     128.138       99.900      142.980      153.152
     130.140       99.900      142.980      153.152
     132.141       99.900      142.980      153.152
     134.143       99.900      142.980      153.152
     136.145      100.400      142.980      153.152
     138.148       99.900      142.980      153.152
     140.150       99.900      142.980      153.152
     142.152       99.900      142.980      153.152
     144.153      100.400      142.980      153.152
     146.156       99.900      142.980      153.152
     148.157       99.900      142.980      153.152
     150.160       99.900      142.980      153.152
     152.161       99.900      142.980      153.152
     154.162      100.000      142.980      153.281
     156.164       99.900      142.980      153.281
     158.165      100.500      142.980      153.281
     160.168       99.900      142.980      153.281
     162.170       99.900      142.980      153.281
     164.172       99.900      142.980      153.281
     166.174      100.400      142.980      153.281
     168.176       99.900      142.980      153.281
     170.179       99.900      142.980      153.281
     172.181       99.900      142.980      153.281
     174.183       99.900      142.980      153.281
     176.185      100.400      142.980      153.281
     178.188       99.900      142.980      153.281
     180.190      100.400      142.980      153.281
     182.192       99.900      142.980      153.281
     184.194       99.900      142.980      153.281
     186.196       99.900      142.980      153.281
     188.199      100.400      142.980      153.281
     190.201       99.900      142.980      153.281
     192.203       99.900      142.980      153.281
     194.205       99.900      142.980      153.281
     196.208       99.900      142.980      153.281
     198.208      100.000      142.980      153.281
     200.209      100.500      142.980      153.281
     202.211       99.900      142.980      153.281
     204.214       99.900      142.980      153.281
     206.216       99.900      142.980      153.281
     208.218      100.400      142.980      153.281
