# Elapsed time   CPU (%)     Real (MB)   Virtual (MB)
       0.000        0.000       39.188    19315.520
       2.002      208.300     1074.242    21071.719
       4.004      130.900     1075.059    21071.719
       6.007      142.800     1133.359    21072.727
       8.008      142.900     1133.359    21072.727
      10.010      143.400     1133.359    21072.727
      12.012      151.300     1133.359    21072.727
      14.014      142.800     1133.359    21072.727
      16.016      142.300     1133.359    21072.727
      18.018      173.300     1369.449    21072.727
      20.020      101.400     1369.449    21072.727
      22.022      101.400     1369.449    21072.727
      24.024      100.400     1369.449    21072.727
      26.026       99.900     1369.449    21072.727
      28.028       99.900     1369.449    21072.727
      30.030      139.400     1399.879    21072.727
      32.032      124.900     1399.879    21072.727
      34.034      126.900     1399.879    21072.727
      36.036      125.400     1399.879    21072.727
      38.038      156.900     1412.551    21072.727
      40.039      127.900     1412.551    21072.727
      42.040      129.400     1412.922    21072.727
      44.042      126.400     1412.922    21072.727
      46.044      126.900     1412.922    21072.727
      48.047      131.900     1414.469    21072.727
      50.049      100.900     1414.469    21072.727
      52.051      100.400     1411.004    21072.727
      54.053      176.300     1486.590    21074.742
      56.055      146.800     1491.230    21074.742
      58.058      125.400     1491.230    21074.742
      60.060      121.900     1491.230    21074.742
      62.062      125.900     1496.129    21074.742
      64.064      145.800     1611.281    21074.742
      66.066      112.900     1611.281    21074.742
      68.069      189.800     1663.102    21074.742
      70.071      107.900     1752.289    21074.742
      72.073      124.900     1904.141    21074.742
      74.074      124.500     1904.141    21074.742
      76.076      124.900     1904.141    21074.742
      78.078      137.900     1904.906    21074.742
      80.080      132.900     1904.906    21074.742
      82.082      121.400     1960.852    21074.742
      84.084      134.400     1960.852    21074.742
      86.086      122.400     1960.852    21074.742
      88.088      114.900     1960.852    21074.742
      90.090      138.400     1993.504    21074.742
      92.092      102.400     1993.504    21074.742
      94.094      101.900     1993.504    21074.742
      96.094      130.500     1994.020    21074.742
      98.096       99.900     1994.020    21074.742
     100.098       99.900     1994.020    21074.742
     102.100      104.900     1994.020    21074.742
     104.102      131.400     1994.020    21074.742
     106.104      101.900     1994.020    21074.742
     108.106      103.900     1994.020    21074.742
     110.108      133.400     1994.020    21074.742
     112.111      102.400     1994.020    21074.742
     114.113      135.800     1994.020    21074.742
     116.115      100.400     1994.020    21074.742
     118.117      100.900     1994.020    21074.742
     120.120      131.400     1994.020    21074.742
     122.122      101.400     1994.020    21074.742
     124.124      104.400     1994.020    21074.742
     126.126      132.300     1994.020    21074.742
     128.129      104.900     1995.305    21074.742
     130.131      130.400     1995.547    21074.742
     132.133      101.900     1995.547    21074.742
     134.134      130.000     1995.547    21074.742
     136.136       99.900     1995.547    21074.742
     138.138      132.400     1995.547    21074.742
     140.140      100.400     1995.547    21074.742
     142.142      100.900     1995.547    21074.742
     144.144      129.400     1995.547    21074.742
     146.146      130.400     1995.547    21074.742
     148.148       99.900     1995.547    21074.742
     150.151      100.400     1995.547    21074.742
     152.151      128.000     1995.805    21074.742
     154.152      130.000     1995.805    21074.742
     156.154      100.900     1995.805    21074.742
     158.156      100.400     1995.805    21074.742
     160.158      100.400     1995.805    21074.742
     162.161       99.900     1995.805    21074.742
     164.163       99.900     1995.805    21074.742
     166.165       99.900     1995.805    21074.742
     168.167      100.400     1995.805    21074.742
     170.170       99.900     1995.805    21074.742
     172.172       99.900     1995.805    21074.742
     174.174      100.400     1995.805    21074.742
     176.176      100.400     1995.805    21074.742
     178.179      100.400     1995.805    21074.742
     180.181       99.900     1995.805    21074.742
     182.182      100.000     1995.805    21074.742
     184.184       99.900     1995.805    21074.742
     186.186      130.400     1995.805    21074.742
     188.188      100.400     1995.805    21074.742
     190.191       99.900     1995.805    21074.742
     192.193      130.400     1995.805    21074.742
     194.194      100.000     1995.805    21074.742
     196.196      130.400     1995.809    21138.742
     198.198       99.900     1995.809    21138.742
     200.200      130.400     1995.809    21138.742
     202.202      127.400     1996.012    21138.742
     204.204      100.400     1996.012    21138.742
     206.206      130.400     1997.688    21138.742
     208.208       99.900     1997.688    21138.742
     210.210      100.400     1997.688    21138.742
     212.212      129.900     1997.688    21138.742
     214.214       99.900     1997.688    21138.742
     216.216       99.900     1997.688    21138.742
     218.218      100.400     1997.688    21138.742
     220.220       99.400     1997.688    21138.742
     222.223      129.900     1997.945    21138.742
     224.225       99.900     1997.945    21138.742
     226.227      128.400     1997.945    21138.742
     228.229      100.400     1997.945    21138.742
     230.230      130.000     1997.945    21138.742
     232.232      100.400     1997.945    21138.742
     234.233      130.900     1997.945    21138.742
     236.235      132.400     1997.945    21138.742
     238.237       99.900     1997.945    21138.742
     240.240       99.900     1997.945    21138.742
     242.242      129.400     1997.945    21138.742
     244.244       99.900     1997.945    21138.742
     246.246      131.900     1997.945    21138.742
     248.248       99.900     1997.945    21138.742
     250.250      127.400     1998.113    21138.742
     252.252      130.400     1998.113    21138.742
     254.254       99.900     1998.113    21138.742
     256.256       99.900     1998.113    21138.742
     258.258      100.400     1998.113    21138.742
     260.260      129.400     1998.113    21138.742
     262.263       99.900     1998.113    21138.742
     264.265       99.900     1998.113    21138.742
     266.267      132.400     1998.113    21138.742
     268.269       99.900     1998.113    21138.742
     270.272      100.400     1998.113    21138.742
     272.274      127.900     1998.371    21138.742
     274.274      130.500     1998.371    21138.742
     276.276       99.900     1998.371    21138.742
     278.278       99.900     1998.371    21138.742
     280.280       99.900     1998.371    21138.742
     282.282      131.400     1998.371    21138.742
     284.284      103.400     1998.371    21138.742
     286.286      128.900     1998.371    21138.742
     288.288       99.900     1998.371    21138.742
     290.290      129.400     1998.371    21138.742
     292.292       99.900     1998.371    21138.742
     294.295      130.400     1998.371    21138.742
     296.297      128.400     1998.371    21138.742
     298.299       99.900     1998.371    21138.742
     300.301      129.400     1998.371    21138.742
