# Elapsed time   CPU (%)     Real (MB)   Virtual (MB)
       0.000        0.000       19.012       29.754
       2.002      100.400      125.125      135.691
       4.004       99.900      125.125      135.691
       6.006       99.900      125.133      135.688
       8.008       99.900      125.133      135.688
      10.010       99.900      125.133      135.688
      12.013       99.900      125.133      135.688
      14.015      100.400      125.133      135.688
      16.017       99.900      125.133      135.688
      18.018       99.900      125.133      135.688
      20.021       99.900      125.133      135.688
      22.023       99.900      172.566      194.281
      24.025       99.900      125.648      135.715
      26.027       99.900      125.648      135.715
      28.030      100.400      125.648      135.715
      30.032       99.900      125.648      135.715
      32.034       99.900      125.648      135.715
      34.036       99.900      125.648      135.715
      36.038      100.400      125.648      135.715
      38.040       99.900      125.648      135.715
      40.042       99.900      125.648      135.715
      42.043       99.900      125.648      135.715
      44.045       99.900      125.648      135.715
      46.048       99.900      125.648      135.715
      48.050      100.400      125.648      135.715
      50.052       99.900      125.648      135.715
      52.054       99.900      125.648      135.715
      54.056       99.900      125.648      135.715
      56.058      100.400      125.648      135.715
      58.060       99.900      125.648      135.715
      60.062       99.900      125.648      135.715
      62.064       99.900      125.648      135.715
      64.065      100.000      125.648      135.715
      66.067       99.900      125.648      135.715
      68.069       99.900      125.648      135.715
      70.071      100.400      125.648      135.715
      72.074       99.900      125.648      135.715
      74.076       99.900      125.648      135.715
      76.078       99.900      125.648      135.715
      78.080       99.900      125.648      135.715
      80.082      100.400      125.648      135.715
      82.084       99.900      125.648      135.715
      84.086       99.900      125.648      135.715
      86.088       99.900      125.648      135.715
      88.090      100.400      125.648      135.715
      90.093       99.900      125.648      135.715
      92.094      100.000      125.648      135.715
      94.096       99.900      125.648      135.715
      96.098       99.900      125.648      135.715
      98.100       99.900      125.648      135.715
     100.102      100.400      125.648      135.715
     102.104       99.900      125.648      135.715
     104.106       99.900      125.648      135.715
     106.108       99.900      125.648      135.715
     108.110       99.900      125.648      135.715
     110.112       99.900      125.648      135.715
     112.112      100.000      125.648      135.715
     114.114      100.400      125.648      135.715
     116.116       99.900      125.648      135.715
     118.118       99.900      125.648      135.715
     120.120       99.900      125.648      135.715
     122.122       99.900      125.648      135.715
     124.124       99.900      125.648      135.715
     126.125       99.900      125.648      135.715
     128.127      100.400      125.648      135.715
     130.129       99.900      125.648      135.715
     132.132       99.900      125.648      135.715
     134.134      100.400      125.648      135.715
     136.136       99.900      125.648      135.715
     138.138       99.900      125.648      135.715
     140.141       99.900      125.648      135.715
     142.143       99.900      125.648      135.715
     144.145       99.900      125.648      135.715
     146.146      100.500      125.648      135.715
     148.148       99.900      125.648      135.715
     150.150       99.900      125.648      135.715
     152.152       99.900      125.648      135.715
     154.154       99.900      125.648      135.715
     156.156       99.900      125.648      135.715
     158.158      100.400      125.648      135.715
     160.160       99.900      125.648      135.715
     162.162       99.900      125.648      135.715
     164.164       99.900      125.648      135.715
     166.166      100.400      125.648      135.715
     168.168       99.900      125.648      135.715
     170.170       99.900      125.648      135.715
     172.172       99.900      125.648      135.715
     174.174       99.900      125.648      135.715
     176.176       99.900      137.246      148.195
     178.178      100.400      137.246      148.195
     180.181       99.900      137.246      148.195
     182.182      100.000      137.762      149.012
     184.184       99.900      137.762      149.012
     186.186      100.400      137.762      149.012
     188.188       99.900      137.762      149.012
     190.190       99.900      137.762      149.012
     192.192       99.900      137.762      149.012
     194.194      100.400      137.762      149.012
     196.196       99.900      137.762      149.012
     198.198       99.900      137.762      149.012
     200.201       99.900      137.762      149.012
     202.202      100.500      137.762      149.012
     204.204       99.900      137.762      149.012
     206.206       99.900      137.762      149.012
     208.208       99.900      137.762      149.012
     210.210      100.400      137.762      149.012
     212.212       99.900      137.762      149.012
     214.214       99.900      137.762      149.012
     216.216       99.900      137.762      149.012
     218.217       99.900      138.020      149.012
     220.220       99.900      138.020      149.012
     222.222      100.400      138.020      149.012
     224.224       99.900      138.020      149.012
     226.226       99.900      138.020      149.012
     228.228       99.900      138.020      149.012
     230.230       99.900      138.020      149.012
     232.232       99.900      138.020      149.012
     234.234      100.400      138.020      149.012
     236.236       99.900      138.020      149.012
     238.238       99.900      138.020      149.012
     240.240       99.900      138.020      149.012
     242.242      100.400      138.020      149.012
     244.244       99.900      138.020      149.012
     246.246       99.900      138.020      149.012
     248.248       99.900      138.020      149.012
     250.250       99.900      138.020      149.012
     252.253       99.900      138.020      149.012
     254.254      100.500      138.020      149.012
     256.256       99.900      138.020      149.012
     258.258       99.900      138.020      149.012
     260.260       99.900      138.020      149.012
     262.262      100.400      138.020      149.012
     264.264       99.900      138.020      149.012
     266.266       99.900      138.020      149.012
     268.267       99.900      138.020      149.012
     270.270       99.900      138.020      149.012
     272.272       99.900      138.020      149.012
     274.274      100.400      138.020      149.012
     276.276       99.900      138.020      149.012
     278.278       99.900      138.020      149.012
     280.281       99.900      138.020      149.012
     282.282      100.500      138.020      149.012
     284.284       99.900      138.020      149.012
     286.286       99.900      138.020      149.012
     288.288       99.900      138.020      149.012
     290.290       99.900      138.020      149.012
     292.292       99.900      138.020      149.012
     294.294      100.400      138.020      149.012
     296.295       99.900      138.020      149.012
     298.297       99.900      138.020      149.012
     300.299       99.900      138.020      149.012
     302.302       99.900      138.020      149.012
     304.304       99.900      138.020      149.012
     306.306      100.400      138.020      149.012
     308.308       99.900      138.020      149.012
     310.311       99.900      138.020      149.012
     312.313       99.900      138.020      149.012
     314.315      100.400      138.020      149.012
     316.317       99.900      138.020      149.012
     318.320       99.900      138.020      149.012
     320.322       99.900      138.020      149.012
     322.324       99.900      138.020      149.012
     324.326      100.400      138.020      149.012
     326.328       99.900      138.020      149.012
     328.330       99.900      138.020      149.012
     330.332       99.900      138.020      149.012
     332.335      100.400      138.020      149.012
     334.337       99.900      138.020      149.012
     336.339       99.900      138.020      149.012
     338.341       99.900      138.020      149.012
     340.344       99.900      138.020      149.012
     342.346      100.400      138.020      149.012
     344.348       99.900      138.020      149.012
     346.350       99.900      138.020      149.012
     348.352       99.900      138.020      149.012
     350.354      100.400      138.020      149.012
     352.356       99.900      138.020      149.012
     354.358       99.900      138.020      149.012
     356.360       99.900      138.020      149.012
     358.362       99.900      138.020      149.012
     360.364       99.900      138.020      149.012
     362.366      100.400      138.020      149.012
     364.368       99.900      138.020      149.012
     366.371       99.900      138.020      149.012
     368.373       99.900      138.020      149.012
     370.374      100.000      138.020      149.012
     372.376       99.900      138.020      149.012
     374.378      100.400      138.020      149.012
     376.380       99.900      138.020      149.012
     378.383       99.900      138.020      149.012
     380.385       99.900      138.020      149.012
     382.386      100.500      138.020      149.012
     384.388       99.900      138.020      149.012
     386.390       99.900      138.020      149.012
     388.392       99.900      138.020      149.012
     390.394       99.900      138.020      149.012
     392.397       99.900      138.020      149.012
