# Elapsed time   CPU (%)     Real (MB)   Virtual (MB)
       0.000        0.000       39.266    19310.867
       2.002      232.800      587.898    21328.090
       4.004      100.400      587.898    21328.090
       6.007      106.400      638.094    21328.090
       8.009      113.900      709.340    21328.090
      10.011      135.800     3497.586    21328.090
      12.013      112.900     3502.309    21328.090
      14.014      120.000     3524.730    21328.090
      16.016      126.900     3559.793    21328.090
      18.018      132.400     3589.184    21328.090
      20.020      158.800     3632.746    21328.090
      22.022      193.300     3670.617    21328.090
      24.024      165.800     3676.379    21328.090
      26.025      143.900     3847.164    21328.090
      28.028       99.900     3847.164    21328.090
      30.030      153.300     4208.090    21328.090
      32.032      140.800     4204.871    21328.090
      34.034      112.400     4205.426    21328.090
      36.037       99.900     4205.426    21328.090
      38.038      108.400     4205.426    21328.090
      40.040       99.900     4205.426    21328.090
      42.042      108.400     4205.426    21328.090
      44.045      106.400     4209.027    21328.090
      46.046      108.900     4204.582    21328.090
      48.047       99.900     4204.582    21328.090
      50.049      107.900     4205.098    21328.090
      52.052      100.400     4205.098    21328.090
      54.054      107.900     4205.098    21328.090
      56.056      107.900     4205.098    21328.090
      58.058      100.400     4205.098    21328.090
      60.060      107.900     4205.355    21328.090
      62.063       99.900     4205.355    21328.090
      64.065      108.400     4205.355    21328.090
      66.067      107.900     4205.355    21328.090
      68.069       99.900     4205.355    21328.090
      70.072      103.900     4205.488    21328.090
      72.074      109.400     4205.488    21328.090
      74.076      101.400     4205.582    21328.090
      76.078      100.400     4205.609    21328.090
      78.080      108.900     4208.551    21328.090
      80.083      100.400     4208.551    21328.090
      82.085      116.900     4204.215    21328.090
      84.086      133.900     4217.508    21328.090
      86.088      112.900     4220.598    21328.090
      88.090      100.400     4220.598    21328.090
      90.092      100.400     4220.703    21328.090
      92.094      136.300     4217.281    21328.090
      94.096      133.300     4221.633    21328.090
      96.098       99.900     4217.137    21328.090
      98.100      100.400     4217.137    21328.090
     100.102      100.400     4217.137    21328.090
     102.104      100.900     4217.137    21328.090
     104.107      107.400     4217.137    21328.090
     106.109       99.900     4217.137    21328.090
     108.111       99.900     4217.137    21328.090
     110.113      101.400     4217.137    21328.090
     112.116      100.400     4217.137    21328.090
     114.118      106.400     4248.379    21328.090
     116.120      100.400     4248.379    21328.090
     118.122       99.900     4248.379    21328.090
     120.124       99.900     4248.379    21328.090
     122.127      100.400     4248.379    21328.090
     124.129      103.400     4260.785    21328.090
     126.130       99.900     4260.785    21328.090
     128.132      100.400     4260.785    21328.090
     130.135       99.900     4260.785    21328.090
     132.137       99.900     4260.785    21328.090
     134.139      100.900     4262.074    21328.090
     136.141      100.400     4262.074    21328.090
     138.143       99.900     4262.074    21328.090
     140.146       99.900     4262.074    21328.090
     142.148      100.400     4262.074    21328.090
     144.150      100.400     4262.590    21328.090
     146.153       99.900     4262.590    21328.090
     148.155      100.400     4262.590    21328.090
     150.157       99.900     4262.590    21328.090
     152.159      113.400     4262.668    21328.090
     154.161      132.900     4265.957    21328.090
     156.164      100.400     4260.590    21328.090
     158.166      100.900     4260.590    21328.090
     160.168       99.900     4260.590    21328.090
     162.170      100.400     4260.590    21328.090
     164.172       99.900     4260.590    21328.090
     166.175       99.900     4260.590    21328.090
     168.177      100.400     4260.590    21328.090
     170.178      100.400     4260.590    21328.090
     172.180       99.900     4260.590    21328.090
     174.183      100.400     4260.590    21328.090
     176.185      160.300     4273.809    21328.090
     178.186      102.900     4273.809    21328.090
     180.188       99.900     4273.809    21328.090
     182.190      210.300     4314.973    21328.090
     184.192      100.400     4314.973    21328.090
     186.195      101.900     4298.738    21328.090
     188.197      101.400     4298.738    21328.090
     190.198      100.400     4298.738    21328.090
     192.200       99.900     4298.738    21328.090
     194.203       99.900     4298.738    21328.090
     196.203      100.500     4293.090    21328.090
     198.206       99.900     4293.090    21328.090
     200.206      100.000     4293.090    21328.090
     202.208       99.900     4293.090    21328.090
     204.211      100.400     4293.090    21328.090
     206.213       99.900     4293.090    21328.090
     208.215      100.400     4293.090    21328.090
     210.217       99.900     4293.090    21328.090
     212.219       99.900     4293.090    21328.090
     214.222      100.400     4293.090    21328.090
     216.222      100.000     4293.090    21328.090
     218.224      100.400     4293.090    21328.090
     220.226      100.400     4293.090    21328.090
     222.228       99.900     4293.090    21328.090
     224.230      100.400     4293.090    21328.090
     226.232       99.900     4293.090    21328.090
     228.234      100.400     4293.168    21328.090
     230.236       99.900     4293.168    21328.090
     232.238       99.900     4293.168    21328.090
     234.240       99.900     4293.168    21328.090
     236.242      100.400     4293.168    21328.090
     238.244       99.900     4293.168    21328.090
     240.247       99.900     4293.168    21328.090
     242.249       99.900     4293.168    21328.090
     244.251      100.400     4293.168    21328.090
     246.252      100.000     4293.168    21328.090
     248.254       99.900     4293.168    21328.090
     250.256      100.400     4293.168    21328.090
     252.258       99.900     4293.168    21328.090
     254.261       99.900     4293.168    21328.090
     256.263      100.400     4293.168    21328.090
     258.265       99.900     4293.168    21328.090
     260.267      100.400     4293.168    21328.090
     262.269       99.900     4293.168    21328.090
     264.270      100.000     4293.168    21328.090
     266.272      100.400     4293.168    21328.090
     268.275       99.900     4293.168    21328.090
     270.277       99.900     4293.168    21328.090
     272.279       99.900     4293.168    21328.090
     274.281       99.900     4293.168    21328.090
     276.282      100.500     4293.168    21328.090
     278.284       99.900     4293.168    21328.090
     280.287       99.900     4293.168    21328.090
     282.289      100.400     4293.168    21328.090
     284.291       99.900     4293.168    21328.090
     286.292      100.000     4293.168    21328.090
     288.294      100.400     4293.168    21328.090
     290.297       99.900     4293.168    21328.090
     292.299       99.900     4293.168    21328.090
     294.301       99.900     4293.168    21328.090
     296.302      100.400     4293.168    21328.090
     298.304       99.900     4293.168    21328.090
     300.307      100.400     4293.168    21328.090
     302.309       99.900     4293.168    21328.090
     304.311       99.900     4293.168    21328.090
     306.313       99.900     4293.168    21328.090
     308.316       99.900     4293.168    21328.090
     310.318      100.400     4293.168    21328.090
     312.319       99.900     4293.168    21328.090
     314.321       99.900     4293.168    21328.090
     316.323      100.400     4293.168    21328.090
     318.326       99.900     4293.168    21328.090
     320.328       99.900     4293.168    21328.090
     322.330      100.400     4293.168    21328.090
     324.332       99.900     4293.168    21328.090
     326.335      100.400     4293.168    21328.090
     328.337       99.900     4293.168    21328.090
     330.339       99.900     4293.168    21328.090
     332.341       99.900     4293.168    21328.090
     334.342      100.500     4293.168    21328.090
     336.344      100.400     4293.168    21328.090
     338.347       99.900     4293.168    21328.090
     340.349       99.900     4293.168    21328.090
     342.350      100.400     4293.168    21328.090
     344.352       99.900     4293.168    21328.090
     346.354       99.900     4293.168    21328.090
     348.356      100.400     4293.168    21328.090
     350.358       99.900     4293.168    21328.090
     352.360       99.900     4293.168    21328.090
     354.362      100.400     4293.168    21328.090
     356.364       99.900     4293.168    21328.090
     358.367       99.900     4293.168    21328.090
     360.369      100.900     4293.438    21328.090
     362.371       99.900     4293.438    21328.090
     364.373       99.900     4293.438    21328.090
     366.376      100.400     4293.438    21328.090
     368.378       99.900     4293.438    21328.090
     370.380       99.900     4293.438    21328.090
     372.382      100.400     4293.438    21328.090
     374.385       99.900     4293.438    21328.090
     376.387       99.900     4293.438    21328.090
     378.389      100.400     4293.438    21328.090
     380.391       99.900     4293.438    21328.090
     382.394       99.900     4293.438    21328.090
     384.396      100.400     4293.438    21328.090
     386.398       99.900     4293.438    21328.090
     388.400       99.900     4293.438    21328.090
     390.402      100.400     4293.438    21328.090
     392.405       99.400     4293.438    21328.090
     394.407      100.400     4293.438    21328.090
     396.409       99.900     4293.438    21328.090
     398.410       99.900     4293.438    21328.090
     400.412      100.400     4293.438    21328.090
     402.414       99.900     4293.438    21328.090
     404.416       99.900     4293.438    21328.090
     406.418      100.400     4293.438    21328.090
     408.420       99.900     4293.438    21328.090
     410.423       99.900     4293.438    21328.090
     412.425       99.900     4293.438    21328.090
     414.426      100.400     4293.438    21328.090
     416.428       99.900     4293.438    21328.090
     418.431      100.400     4293.438    21328.090
     420.433       99.900     4293.438    21328.090
     422.435       99.900     4293.438    21328.090
     424.437       99.900     4293.438    21328.090
     426.440      100.400     4293.438    21328.090
     428.442       99.900     4293.438    21328.090
     430.444       99.900     4293.438    21328.090
     432.445      100.400     4293.438    21328.090
     434.447       99.900     4293.438    21328.090
     436.450      104.400     4293.438    21328.090
     438.452      100.400     4293.438    21328.090
     440.454       99.900     4293.438    21328.090
     442.456       99.900     4293.438    21328.090
     444.459      100.400     4293.438    21328.090
     446.461       99.900     4293.438    21328.090
     448.463      100.400     4293.438    21328.090
     450.465      100.400     4293.438    21328.090
     452.468       99.900     4293.438    21328.090
     454.470      100.400     4293.438    21328.090
     456.472       99.900     4293.438    21328.090
     458.474      100.400     4293.438    21328.090
     460.476       99.400     4293.438    21328.090
     462.479      100.400     4293.438    21328.090
     464.481       99.900     4293.438    21328.090
     466.482       99.900     4293.438    21328.090
     468.484      100.400     4293.438    21328.090
     470.485       99.900     4293.438    21328.090
     472.488       99.900     4293.438    21328.090
     474.490      100.400     4293.438    21328.090
     476.492       99.900     4293.512    21328.090
     478.494      100.400     4293.512    21328.090
     480.496      102.900     4293.512    21328.090
     482.499      105.900     4293.512    21328.090
     484.501       99.400     4293.512    21328.090
     486.502      100.400     4293.512    21328.090
     488.504       99.900     4293.512    21328.090
     490.507      100.400     4293.512    21328.090
     492.509       99.900     4293.512    21328.090
     494.510       99.900     4293.512    21328.090
     496.512      100.400     4293.512    21328.090
     498.515       99.900     4293.512    21328.090
     500.517       99.900     4293.512    21328.090
     502.519      100.400     4293.512    21328.090
     504.521       99.900     4293.512    21328.090
     506.523      100.400     4293.512    21328.090
     508.526       99.900     4293.512    21328.090
     510.528      100.400     4293.512    21328.090
     512.530       99.900     4293.512    21328.090
     514.532       99.900     4293.512    21328.090
     516.535      100.400     4293.512    21328.090
     518.537       99.900     4293.512    21328.090
     520.538       99.900     4293.512    21328.090
     522.540      100.400     4293.512    21328.090
     524.542       99.900     4293.512    21328.090
     526.544       99.900     4293.512    21328.090
     528.546      100.400     4293.512    21328.090
     530.548       99.900     4293.512    21328.090
     532.550       99.900     4293.512    21328.090
     534.552       99.900     4293.512    21328.090
     536.554      100.400     4293.512    21328.090
     538.556       99.900     4293.512    21328.090
     540.558      100.400     4293.512    21328.090
     542.560       99.900     4293.512    21328.090
     544.562       99.900     4293.512    21328.090
     546.564       99.900     4293.512    21328.090
     548.567      100.400     4293.512    21328.090
     550.568       99.900     4293.512    21328.090
     552.570      100.400     4293.512    21328.090
     554.572       99.900     4293.512    21328.090
     556.574       99.900     4293.512    21328.090
     558.577       99.900     4293.512    21328.090
     560.579      100.400     4293.512    21328.090
     562.581       99.900     4293.512    21328.090
     564.582      100.000     4293.512    21328.090
     566.584       99.900     4293.512    21328.090
     568.587      100.400     4293.512    21328.090
     570.589       99.900     4293.512    21328.090
     572.591      100.400     4293.512    21328.090
     574.593       99.900     4293.512    21328.090
     576.595      100.400     4293.512    21328.090
     578.598       99.900     4293.512    21328.090
     580.600       99.900     4293.512    21328.090
     582.602      100.400     4293.512    21328.090
     584.604       99.900     4293.512    21328.090
     586.607      100.400     4293.660    21328.090
     588.609       99.900     4293.660    21328.090
     590.611       99.900     4293.660    21328.090
     592.613       99.900     4293.660    21328.090
     594.616      100.400     4293.660    21328.090
     596.618       99.900     4293.660    21328.090
     598.620      100.400     4293.660    21328.090
     600.622       99.900     4293.660    21328.090
     602.625       99.900     4293.660    21328.090
     604.627      100.400     4293.660    21328.090
     606.629       99.900     4293.660    21328.090
     608.630       99.900     4293.660    21328.090
     610.632      100.400     4293.660    21328.090
     612.635       99.900     4293.660    21328.090
     614.637      100.400     4293.727    21328.090
     616.638      100.400     4293.727    21328.090
     618.640       99.900     4293.727    21328.090
     620.642       99.900     4293.727    21328.090
     622.644       99.900     4293.727    21328.090
     624.647      100.400     4293.727    21328.090
     626.649       99.900     4293.727    21328.090
     628.651      100.400     4293.727    21328.090
     630.653       99.900     4293.727    21328.090
     632.656       99.900     4293.727    21328.090
     634.658       99.900     4293.727    21328.090
     636.660      100.400     4293.727    21328.090
     638.662       99.900     4293.727    21328.090
     640.665      100.400     4293.727    21328.090
     642.666       99.900     4293.727    21328.090
     644.668       99.900     4293.727    21328.090
     646.671      100.400     4293.727    21328.090
     648.673       99.900     4293.727    21328.090
     650.675       99.900     4293.727    21328.090
     652.676      100.500     4293.727    21328.090
     654.678       99.900     4293.727    21328.090
     656.678      100.000     4293.727    21328.090
     658.680       99.900     4293.727    21328.090
     660.683      100.400     4293.727    21328.090
     662.685       99.900     4293.727    21328.090
     664.686       99.900     4293.727    21328.090
     666.688       99.900     4293.727    21328.090
     668.691      100.400     4293.727    21328.090
     670.693       99.900     4293.727    21328.090
     672.694      100.400     4293.727    21328.090
     674.695       99.900     4293.727    21328.090
     676.697       99.900     4293.727    21328.090
     678.698      100.000     4293.727    21328.090
     680.700      100.400     4293.727    21328.090
     682.703       99.900     4293.727    21328.090
     684.705       99.900     4293.727    21328.090
     686.706      100.400     4293.727    21328.090
     688.708       99.900     4293.727    21328.090
     690.710       99.900     4293.727    21328.090
     692.712      100.400     4293.727    21328.090
     694.715       99.900     4293.727    21328.090
     696.717       99.900     4293.727    21328.090
     698.719       99.900     4293.727    21328.090
     700.721      100.400     4293.727    21328.090
     702.722      100.000     4293.727    21328.090
     704.724       99.900     4293.727    21328.090
     706.726      100.400     4293.727    21328.090
     708.728       99.900     4293.727    21328.090
     710.731       99.900     4293.727    21328.090
     712.733      100.400     4293.727    21328.090
     714.734       99.900     4293.727    21328.090
     716.736       99.900     4293.727    21328.090
     718.739      100.400     4293.727    21328.090
     720.741       99.900     4293.727    21328.090
     722.742       99.900     4293.727    21328.090
     724.744      100.400     4293.727    21328.090
     726.746       99.900     4293.727    21328.090
     728.748       99.900     4293.727    21328.090
     730.750      100.400     4293.727    21328.090
     732.753       99.900     4293.727    21328.090
     734.755      100.400     4293.727    21328.090
     736.757       99.900     4293.727    21328.090
     738.758      100.500     4293.727    21328.090
     740.760       99.900     4293.727    21328.090
     742.762       99.900     4293.727    21328.090
     744.764      100.400     4293.727    21328.090
     746.766       99.900     4293.727    21328.090
     748.769       99.900     4293.727    21328.090
     750.770      100.400     4293.727    21328.090
     752.772       99.900     4293.727    21328.090
     754.775      100.400     4293.727    21328.090
     756.777       99.900     4293.727    21328.090
     758.779       99.900     4293.727    21328.090
     760.781      100.400     4293.727    21328.090
     762.783       99.900     4293.727    21328.090
     764.786       99.900     4293.727    21328.090
     766.788      100.400     4293.727    21328.090
     768.790       99.900     4293.727    21328.090
     770.792       99.900     4293.727    21328.090
     772.794      100.900     4293.781    21328.090
     774.796       99.900     4293.781    21328.090
     776.798       99.900     4293.781    21328.090
     778.801       99.900     4293.781    21328.090
     780.803      100.400     4293.781    21328.090
     782.805       99.900     4293.781    21328.090
     784.806      100.400     4293.781    21328.090
     786.808      108.900     4293.781    21328.090
     788.811      100.400     4293.781    21328.090
     790.813       99.900     4293.781    21328.090
     792.815       99.900     4293.781    21328.090
     794.817      100.400     4293.781    21328.090
     796.818      100.000     4293.781    21328.090
     798.820       99.900     4293.781    21328.090
     800.822      100.400     4293.781    21328.090
     802.824       99.900     4293.781    21328.090
     804.825      100.000     4293.781    21328.090
     806.826      100.400     4293.781    21328.090
     808.828       99.900     4293.781    21328.090
     810.830       99.900     4293.781    21328.090
     812.832       99.900     4293.781    21328.090
     814.834      100.400     4293.781    21328.090
     816.836       99.900     4293.781    21328.090
     818.838      100.400     4293.781    21328.090
     820.840       99.900     4293.781    21328.090
     822.842      100.400     4293.781    21328.090
     824.844       99.900     4293.781    21328.090
     826.846      100.400     4293.781    21328.090
     828.848       99.900     4293.781    21328.090
     830.850       99.900     4293.781    21328.090
     832.852       99.900     4293.781    21328.090
     834.854      100.400     4293.781    21328.090
     836.856       99.900     4293.781    21328.090
     838.858      100.400     4293.781    21328.090
     840.860       99.900     4293.781    21328.090
     842.862       99.900     4293.781    21328.090
     844.864       99.900     4293.781    21328.090
     846.867      100.400     4293.781    21328.090
     848.869       99.900     4293.781    21328.090
     850.870      100.400     4293.781    21328.090
     852.872       99.900     4293.781    21328.090
     854.875       99.900     4293.781    21328.090
     856.877       99.900     4293.781    21328.090
     858.879      100.400     4293.781    21328.090
     860.881       99.900     4293.781    21328.090
     862.883      100.400     4293.781    21328.090
     864.886       99.900     4293.781    21328.090
     866.888       99.900     4293.781    21328.090
     868.890      100.400     4293.781    21328.090
     870.892       99.900     4293.781    21328.090
     872.895       99.900     4293.781    21328.090
     874.897      100.400     4293.781    21328.090
     876.898       99.900     4293.781    21328.090
     878.900       99.900     4293.781    21328.090
     880.902      100.400     4293.781    21328.090
     882.904       99.900     4293.781    21328.090
     884.907      100.400     4293.781    21328.090
     886.909       99.900     4293.781    21328.090
     888.911       99.900     4293.781    21328.090
     890.913       99.900     4293.781    21328.090
     892.914      100.500     4293.781    21328.090
     894.916       99.900     4293.781    21328.090
     896.919      100.400     4293.781    21328.090
     898.921       99.900     4293.781    21328.090
     900.923       99.900     4293.781    21328.090
     902.925      100.400     4293.781    21328.090
     904.926      100.000     4293.781    21328.090
     906.928       99.900     4293.781    21328.090
     908.931      100.400     4293.781    21328.090
     910.933       99.900     4293.781    21328.090
     912.935       99.900     4293.781    21328.090
     914.937      100.400     4293.781    21328.090
     916.938      100.000     4293.781    21328.090
     918.940       99.900     4293.781    21328.090
     920.943      100.400     4293.781    21328.090
     922.945       99.900     4293.781    21328.090
     924.947      100.400     4293.781    21328.090
     926.949       99.900     4293.781    21328.090
     928.952       99.900     4293.781    21328.090
     930.954       99.900     4293.781    21328.090
     932.956      100.400     4293.781    21328.090
     934.958       99.900     4293.781    21328.090
     936.961       99.900     4293.781    21328.090
     938.962      100.400     4293.781    21328.090
     940.963       99.900     4293.781    21328.090
     942.965      101.400     4293.781    21328.090
     944.968       99.900     4293.781    21328.090
     946.970      100.400     4293.781    21328.090
     948.973       99.900     4293.781    21328.090
     950.975      100.400     4293.781    21328.090
     952.977       99.900     4293.781    21328.090
     954.979       99.900     4293.781    21328.090
     956.981      100.400     4293.781    21328.090
     958.982      100.000     4293.781    21328.090
     960.984      100.400     4293.781    21328.090
     962.986       99.900     4293.781    21328.090
     964.988       99.900     4293.781    21328.090
     966.991      100.400     4293.781    21328.090
     968.993       99.900     4293.781    21328.090
     970.995      100.400     4293.781    21328.090
     972.997       99.900     4293.781    21328.090
     974.999       99.900     4293.781    21328.090
     977.002       99.900     4293.781    21328.090
     979.004      100.400     4293.781    21328.090
     981.006      100.400     4293.781    21328.090
     983.008       99.900     4293.781    21328.090
     985.010       99.900     4293.781    21328.090
     987.012       99.900     4293.781    21328.090
     989.015      100.400     4293.781    21328.090
     991.017       99.900     4293.781    21328.090
     993.019      100.400     4293.781    21328.090
     995.021       99.900     4293.781    21328.090
     997.022      100.000     4293.781    21328.090
     999.024      100.400     4293.781    21328.090
    1001.025       99.900     4293.781    21328.090
    1003.028       99.900     4293.781    21328.090
    1005.030       99.900     4293.781    21328.090
    1007.032      100.400     4293.781    21328.090
    1009.034      100.400     4293.781    21328.090
    1011.036       99.900     4293.781    21328.090
    1013.038       99.900     4293.781    21328.090
    1015.040       99.900     4293.781    21328.090
    1017.043      100.400     4293.781    21328.090
    1019.045       99.900     4293.781    21328.090
    1021.047      100.400     4293.781    21328.090
    1023.049       99.900     4293.781    21328.090
    1025.051       99.900     4293.781    21328.090
    1027.053      100.400     4293.781    21328.090
    1029.055       99.900     4293.781    21328.090
    1031.057       99.900     4293.781    21328.090
    1033.059      100.400     4293.781    21328.090
    1035.062       99.900     4293.781    21328.090
    1037.064       99.900     4293.781    21328.090
    1039.066      100.400     4293.781    21328.090
    1041.068       99.900     4293.781    21328.090
    1043.070      100.400     4293.781    21328.090
    1045.072       99.900     4293.781    21328.090
    1047.075       99.900     4293.781    21328.090
    1049.077      100.400     4293.781    21328.090
    1051.079       99.900     4293.781    21328.090
    1053.081       99.900     4293.781    21328.090
    1055.084      100.400     4293.781    21328.090
    1057.086       99.900     4293.781    21328.090
    1059.088      100.400     4293.781    21328.090
    1061.090       99.900     4293.781    21328.090
    1063.092       99.900     4293.781    21328.090
    1065.095      100.400     4293.781    21328.090
    1067.096       99.900     4293.781    21328.090
    1069.098      100.400     4293.781    21328.090
    1071.100       99.900     4293.781    21328.090
    1073.103       99.900     4293.781    21328.090
    1075.105       99.900     4293.781    21328.090
    1077.107      100.400     4293.781    21328.090
    1079.109       99.900     4293.781    21328.090
    1081.110      100.400     4293.781    21328.090
    1083.112       99.900     4293.781    21328.090
    1085.114       99.900     4293.781    21328.090
    1087.116      100.400     4293.781    21328.090
    1089.118       99.900     4293.781    21328.090
    1091.120       99.900     4293.781    21328.090
    1093.122      100.400     4293.781    21328.090
    1095.124       99.900     4293.781    21328.090
    1097.126      100.400     4293.781    21328.090
    1099.128       99.900     4293.781    21328.090
    1101.130       99.900     4293.781    21328.090
    1103.132       99.900     4293.781    21328.090
    1105.135      100.400     4293.781    21328.090
    1107.137       99.900     4293.781    21328.090
    1109.138       99.900     4293.781    21328.090
    1111.140       99.900     4293.781    21328.090
    1113.143      100.400     4293.781    21328.090
    1115.145       99.900     4293.781    21328.090
    1117.147      100.400     4293.781    21328.090
    1119.149       99.900     4293.781    21328.090
    1121.151      100.400     4293.781    21328.090
    1123.154       99.900     4293.781    21328.090
    1125.156      100.400     4293.781    21328.090
    1127.158       99.900     4293.781    21328.090
    1129.159       99.900     4293.781    21328.090
    1131.162      100.400     4293.781    21328.090
    1133.164       99.900     4293.781    21328.090
    1135.166       99.900     4293.781    21328.090
    1137.168      100.400     4293.781    21328.090
    1139.171       99.900     4293.781    21328.090
    1141.173       99.900     4293.781    21328.090
    1143.175       99.900     4293.781    21328.090
    1145.177      100.400     4293.781    21328.090
    1147.179       99.900     4293.781    21328.090
    1149.182      100.400     4293.781    21328.090
    1151.184      100.400     4293.781    21328.090
    1153.186       99.900     4293.781    21328.090
    1155.188       99.900     4293.781    21328.090
    1157.189      100.000     4293.781    21328.090
    1159.190      100.500     4293.781    21328.090
    1161.192       99.900     4293.781    21328.090
    1163.194       99.900     4293.781    21328.090
    1165.196      100.400     4293.781    21328.090
    1167.198       99.900     4293.781    21328.090
    1169.200       99.900     4293.781    21328.090
    1171.202      100.400     4293.781    21328.090
    1173.204       99.900     4293.781    21328.090
    1175.206      100.400     4293.781    21328.090
    1177.208       99.900     4293.781    21328.090
    1179.210       99.900     4293.781    21328.090
    1181.212      100.400     4293.781    21328.090
    1183.215       99.900     4293.781    21328.090
    1185.217       99.900     4293.781    21328.090
    1187.218      100.400     4293.781    21328.090
    1189.220      100.400     4293.781    21328.090
    1191.222       99.900     4293.781    21328.090
    1193.224       99.900     4293.781    21328.090
    1195.226      100.400     4293.781    21328.090
    1197.228       99.900     4293.781    21328.090
    1199.230       99.900     4293.781    21328.090
    1201.230      100.500     4293.781    21328.090
    1203.232       99.900     4293.781    21328.090
    1205.234       99.900     4293.781    21328.090
    1207.236      100.400     4293.781    21328.090
    1209.238       99.900     4293.781    21328.090
    1211.240       99.900     4293.781    21328.090
    1213.242      100.400     4293.781    21328.090
    1215.244       99.900     4293.781    21328.090
    1217.246      100.400     4293.781    21328.090
    1219.248       99.900     4293.781    21328.090
    1221.250       99.900     4293.781    21328.090
    1223.252       99.900     4293.781    21328.090
    1225.254      100.400     4293.781    21328.090
    1227.256       99.900     4293.781    21328.090
    1229.258      100.400     4293.781    21328.090
    1231.261       99.900     4293.781    21328.090
    1233.262       99.900     4293.781    21328.090
    1235.264       99.900     4293.781    21328.090
    1237.266      100.400     4293.781    21328.090
    1239.268       99.900     4293.781    21328.090
    1241.271       99.900     4293.781    21328.090
    1243.273      100.400     4293.781    21328.090
    1245.274       99.900     4293.781    21328.090
    1247.275      100.000     4293.781    21328.090
    1249.277       99.900     4293.781    21328.090
    1251.278      100.500     4293.781    21328.090
    1253.280       99.900     4293.781    21328.090
    1255.282      100.400     4293.781    21328.090
    1257.284       99.900     4293.781    21328.090
    1259.286       99.900     4293.781    21328.090
    1261.288      100.400     4293.781    21328.090
    1263.290       99.900     4293.781    21328.090
    1265.292       99.900     4293.781    21328.090
    1267.294      100.400     4293.781    21328.090
    1269.296       99.900     4293.781    21328.090
    1271.298      100.400     4293.781    21328.090
    1273.300       99.900     4293.781    21328.090
    1275.302       99.900     4293.781    21328.090
    1277.303      100.000     4293.781    21328.090
    1279.305      100.400     4293.781    21328.090
    1281.307       99.900     4293.781    21328.090
    1283.309       99.900     4293.781    21328.090
    1285.310      100.500     4293.781    21328.090
    1287.312       99.900     4293.781    21328.090
    1289.314       99.900     4293.781    21328.090
    1291.316      100.400     4293.781    21328.090
    1293.319       99.900     4293.781    21328.090
    1295.321       99.900     4293.781    21328.090
    1297.323      100.400     4293.781    21328.090
    1299.325       99.900     4293.781    21328.090
    1301.327      100.400     4293.781    21328.090
    1303.330       99.900     4293.781    21328.090
    1305.332      100.400     4293.781    21328.090
    1307.334       99.900     4293.781    21328.090
    1309.336       99.900     4293.781    21328.090
    1311.339      100.400     4293.781    21328.090
    1313.341       99.900     4293.781    21328.090
    1315.342      100.400     4293.781    21328.090
    1317.344       99.900     4293.781    21328.090
    1319.346       99.900     4293.781    21328.090
    1321.348       99.900     4293.781    21328.090
    1323.351      100.400     4293.781    21328.090
    1325.353       99.900     4293.781    21328.090
    1327.355      100.400     4293.781    21328.090
    1329.357       99.900     4293.781    21328.090
    1331.359       99.900     4293.781    21328.090
    1333.362      100.400     4293.781    21328.090
    1335.362      100.000     4293.781    21328.090
    1337.364       99.900     4293.781    21328.090
    1339.367      100.400     4293.781    21328.090
    1341.369       99.900     4293.781    21328.090
    1343.371       99.900     4293.781    21328.090
    1345.373       99.900     4293.781    21328.090
    1347.375      100.400     4293.781    21328.090
    1349.378       99.900     4293.781    21328.090
    1351.378      100.500     4293.781    21328.090
    1353.380       99.900     4293.781    21328.090
    1355.382       99.900     4293.781    21328.090
    1357.383      100.500     4293.781    21328.090
    1359.385       99.900     4293.781    21328.090
    1361.386      100.400     4293.781    21328.090
    1363.388       99.900     4293.781    21328.090
    1365.390       99.900     4293.781    21328.090
    1367.392      100.400     4293.781    21328.090
    1369.394       99.900     4293.781    21328.090
    1371.396       99.900     4293.781    21328.090
    1373.398      100.400     4293.781    21328.090
    1375.400       99.900     4293.781    21328.090
    1377.402      100.400     4293.781    21328.090
    1379.405       99.900     4293.781    21328.090
    1381.406       99.900     4293.781    21328.090
    1383.408      100.400     4293.781    21328.090
    1385.410       99.900     4293.781    21328.090
    1387.412       99.900     4293.781    21328.090
    1389.414       99.900     4293.781    21328.090
    1391.416      100.400     4293.781    21328.090
    1393.418      100.400     4293.781    21328.090
    1395.420       99.900     4293.781    21328.090
    1397.423       99.900     4293.781    21328.090
    1399.425       99.900     4293.781    21328.090
    1401.427      100.400     4293.781    21328.090
    1403.429       99.900     4293.781    21328.090
    1405.431      100.400     4293.781    21328.090
    1407.434       99.900     4293.781    21328.090
    1409.436       99.900     4293.781    21328.090
    1411.438      100.400     4293.781    21328.090
    1413.440       99.900     4293.781    21328.090
    1415.442      100.400     4293.781    21328.090
    1417.444       99.900     4293.781    21328.090
    1419.446       99.900     4293.781    21328.090
    1421.448      100.400     4293.781    21328.090
    1423.451       99.900     4293.781    21328.090
    1425.453       99.900     4293.781    21328.090
    1427.455      100.400     4293.781    21328.090
    1429.457       99.900     4293.781    21328.090
    1431.459      100.400     4293.781    21328.090
    1433.462       99.900     4293.781    21328.090
    1435.462      100.000     4293.781    21328.090
    1437.464      100.400     4293.781    21328.090
    1439.467       99.900     4293.781    21328.090
    1441.469       99.900     4293.781    21328.090
    1443.471      100.400     4293.781    21328.090
    1445.473       99.900     4293.781    21328.090
    1447.475      100.400     4293.781    21328.090
    1449.478       99.900     4293.781    21328.090
    1451.480       99.900     4293.781    21328.090
    1453.482      100.400     4293.781    21328.090
    1455.484       99.900     4293.781    21328.090
    1457.487      100.400     4293.781    21328.090
    1459.489       99.900     4293.781    21328.090
    1461.491      100.400     4293.781    21328.090
    1463.493       99.900     4293.781    21328.090
    1465.496       99.900     4293.781    21328.090
    1467.498      100.400     4293.781    21328.090
    1469.500       99.900     4293.781    21328.090
    1471.503      100.400     4293.781    21328.090
    1473.504       99.900     4293.781    21328.090
    1475.507       99.900     4293.781    21328.090
    1477.509      100.400     4293.781    21328.090
    1479.511       99.900     4293.781    21328.090
    1481.513       99.900     4293.781    21328.090
    1483.516      100.400     4293.781    21328.090
    1485.518       99.900     4293.781    21328.090
    1487.520       99.900     4293.781    21328.090
    1489.522      100.400     4293.781    21328.090
    1491.524       99.900     4293.781    21328.090
    1493.527       99.900     4293.781    21328.090
    1495.529      100.400     4293.781    21328.090
    1497.531       99.900     4293.781    21328.090
    1499.533       99.900     4293.781    21328.090
    1501.536      100.400     4293.781    21328.090
    1503.538      100.400     4293.781    21328.090
    1505.540       99.900     4293.781    21328.090
    1507.542       99.900     4293.781    21328.090
    1509.545      100.400     4293.781    21328.090
    1511.546       99.900     4293.781    21328.090
    1513.548       99.900     4293.781    21328.090
    1515.551      100.900     4293.781    21328.090
    1517.553       99.900     4293.781    21328.090
    1519.555       99.900     4293.781    21328.090
    1521.557      100.400     4293.781    21328.090
    1523.558      100.000     4293.781    21328.090
    1525.560       99.900     4293.781    21328.090
    1527.563       99.900     4293.781    21328.090
    1529.565      100.400     4293.781    21328.090
    1531.567       99.900     4293.781    21328.090
    1533.569       99.900     4293.781    21328.090
    1535.571      100.400     4293.781    21328.090
    1537.574       99.900     4293.781    21328.090
    1539.576      100.400     4293.781    21328.090
    1541.578       99.900     4293.781    21328.090
    1543.580      100.400     4293.781    21328.090
    1545.583       99.900     4293.781    21328.090
    1547.585       99.900     4293.781    21328.090
    1549.585      100.500     4293.781    21328.090
    1551.588      100.400     4293.781    21328.090
    1553.590       99.900     4293.781    21328.090
    1555.592       99.900     4293.781    21328.090
    1557.595      100.400     4293.781    21328.090
    1559.597       99.900     4293.781    21328.090
    1561.599       99.900     4293.781    21328.090
    1563.601      100.400     4293.781    21328.090
    1565.604       99.900     4293.781    21328.090
    1567.606      100.400     4293.781    21328.090
    1569.608       99.900     4293.781    21328.090
    1571.610      100.400     4293.781    21328.090
    1573.613       99.900     4293.781    21328.090
    1575.615       99.900     4293.781    21328.090
    1577.617       99.900     4293.781    21328.090
    1579.620      100.400     4293.781    21328.090
    1581.622      100.400     4293.781    21328.090
    1583.624       99.900     4293.781    21328.090
    1585.626      100.400     4293.781    21328.090
    1587.629       99.900     4293.781    21328.090
    1589.631       99.900     4293.781    21328.090
    1591.633      100.400     4293.781    21328.090
    1593.635       99.900     4293.781    21328.090
    1595.638       99.900     4293.781    21328.090
    1597.640      100.400     4293.781    21328.090
    1599.642      100.400     4293.781    21328.090
    1601.644       99.900     4293.781    21328.090
    1603.647      100.400     4293.781    21328.090
    1605.649       99.900     4293.781    21328.090
    1607.650       99.900     4293.781    21328.090
    1609.652       99.900     4293.781    21328.090
    1611.654      100.400     4293.781    21328.090
    1613.656       99.900     4293.781    21328.090
    1615.658      100.400     4293.781    21328.090
    1617.660       99.900     4293.781    21328.090
    1619.662      100.400     4293.781    21328.090
    1621.664       99.900     4293.781    21328.090
    1623.666       99.900     4293.781    21328.090
    1625.668       99.900     4293.781    21328.090
    1627.670      100.400     4293.781    21328.090
    1629.672      100.400     4293.781    21328.090
    1631.674       99.900     4293.781    21328.090
    1633.676       99.900     4293.781    21328.090
    1635.678      100.400     4293.781    21328.090
    1637.680       99.900     4293.781    21328.090
    1639.682      100.400     4293.781    21328.090
    1641.684       99.900     4293.781    21328.090
    1643.686      100.400     4293.781    21328.090
    1645.688       99.900     4293.781    21328.090
    1647.690       99.900     4293.781    21328.090
    1649.692      100.400     4293.781    21328.090
    1651.695       99.900     4293.781    21328.090
    1653.697       99.900     4293.781    21328.090
    1655.699       99.900     4293.781    21328.090
    1657.701      100.400     4293.781    21328.090
    1659.704       99.900     4293.781    21328.090
    1661.706       99.900     4293.781    21328.090
    1663.708      100.400     4293.781    21328.090
    1665.710      100.400     4293.781    21328.090
    1667.712       99.900     4293.781    21328.090
    1669.715       99.900     4293.781    21328.090
    1671.717      100.400     4293.781    21328.090
    1673.719       99.900     4293.781    21328.090
    1675.721       99.900     4293.781    21328.090
    1677.723      100.400     4293.781    21328.090
    1679.726       99.900     4293.781    21328.090
    1681.728      100.400     4293.781    21328.090
    1683.730       99.900     4293.781    21328.090
    1685.732      100.400     4293.781    21328.090
    1687.735       99.900     4293.781    21328.090
    1689.737       99.900     4293.781    21328.090
    1691.739      100.400     4293.781    21328.090
    1693.741       99.900     4293.781    21328.090
    1695.742      100.400     4293.781    21328.090
    1697.744       99.900     4293.781    21328.090
    1699.746       99.900     4293.781    21328.090
    1701.748      100.400     4293.781    21328.090
    1703.750       99.900     4293.781    21328.090
    1705.752       99.900     4293.781    21328.090
    1707.754      100.400     4293.781    21328.090
    1709.756       99.900     4293.781    21328.090
    1711.758      100.400     4293.781    21328.090
    1713.760      100.400     4293.781    21328.090
    1715.762       99.900     4293.781    21328.090
    1717.764       99.900     4293.781    21328.090
    1719.766      100.400     4293.781    21328.090
    1721.768       99.900     4293.781    21328.090
    1723.771       99.900     4293.781    21328.090
    1725.773      100.400     4293.781    21328.090
    1727.774       99.900     4293.781    21328.090
    1729.777       99.900     4293.781    21328.090
    1731.779      100.400     4293.781    21328.090
    1733.781       99.900     4293.781    21328.090
    1735.783      100.400     4293.781    21328.090
    1737.784      100.000     4293.781    21328.090
    1739.786      100.400     4293.781    21328.090
    1741.788       99.900     4293.781    21328.090
    1743.789      100.000     4293.781    21328.090
    1745.790      100.400     4293.781    21328.090
    1747.790      101.000     4293.840    21328.090
    1749.792       99.900     4293.840    21328.090
    1751.794      100.400     4293.840    21328.090
    1753.796       99.900     4293.840    21328.090
    1755.798      100.400     4293.840    21328.090
    1757.800       99.900     4293.840    21328.090
    1759.802      100.400     4293.840    21328.090
    1761.804       99.900     4293.840    21328.090
    1763.806      100.400     4293.840    21328.090
    1765.808       99.900     4293.840    21328.090
    1767.810      100.400     4293.840    21328.090
    1769.811      100.000     4293.840    21328.090
    1771.813       99.900     4293.840    21328.090
    1773.814      100.500     4293.840    21328.090
    1775.816       99.900     4293.840    21328.090
    1777.819       99.900     4293.840    21328.090
    1779.821      100.400     4293.840    21328.090
    1781.822       99.900     4293.840    21328.090
    1783.824       99.900     4293.840    21328.090
    1785.826      100.400     4293.840    21328.090
    1787.828       99.900     4293.840    21328.090
    1789.831       99.900     4293.840    21328.090
    1791.833      100.400     4293.840    21328.090
    1793.835       99.900     4293.840    21328.090
    1795.837       99.900     4293.840    21328.090
    1797.840      100.400     4293.840    21328.090
    1799.842       99.900     4293.840    21328.090
    1801.844      100.400     4293.840    21328.090
    1803.846       99.900     4293.840    21328.090
    1805.849       99.900     4293.840    21328.090
    1807.851      100.400     4293.840    21328.090
    1809.853       99.900     4293.840    21328.090
    1811.855      100.400     4293.840    21328.090
    1813.858       99.900     4293.840    21328.090
    1815.860      100.400     4293.840    21328.090
    1817.862       99.900     4293.840    21328.090
    1819.864       99.900     4293.840    21328.090
    1821.867      100.400     4293.840    21328.090
    1823.869       99.900     4293.840    21328.090
    1825.871      100.400     4293.840    21328.090
    1827.873       99.900     4293.840    21328.090
    1829.876      100.400     4293.840    21328.090
    1831.878       99.900     4293.840    21328.090
    1833.880       99.900     4293.840    21328.090
    1835.883      100.400     4293.840    21328.090
    1837.885       99.900     4293.840    21328.090
    1839.887      100.400     4293.840    21328.090
    1841.889       99.900     4293.840    21328.090
    1843.892      100.400     4293.840    21328.090
    1845.894       99.900     4293.840    21328.090
    1847.896       99.900     4293.840    21328.090
    1849.898      100.400     4293.840    21328.090
    1851.901       99.900     4293.840    21328.090
    1853.903      100.400     4293.840    21328.090
    1855.905       99.900     4293.840    21328.090
    1857.907      100.400     4293.840    21328.090
    1859.910       99.900     4293.840    21328.090
    1861.912       99.900     4293.840    21328.090
    1863.914      100.400     4293.840    21328.090
    1865.916       99.900     4293.840    21328.090
    1867.919      100.400     4293.840    21328.090
    1869.921       99.900     4293.840    21328.090
    1871.923      100.400     4293.840    21328.090
    1873.926       99.900     4293.840    21328.090
    1875.926      100.500     4293.840    21328.090
    1877.928       99.900     4293.840    21328.090
    1879.931       99.900     4293.840    21328.090
    1881.933      100.400     4293.840    21328.090
    1883.935       99.900     4293.840    21328.090
    1885.937       99.900     4293.840    21328.090
    1887.940      100.400     4293.840    21328.090
    1889.942      100.400     4293.840    21328.090
    1891.944       99.900     4293.840    21328.090
    1893.946       99.900     4293.840    21328.090
    1895.947      100.000     4293.840    21328.090
    1897.949       99.900     4293.840    21328.090
    1899.951      100.400     4293.840    21328.090
    1901.954       99.900     4293.840    21328.090
    1903.954      100.500     4293.840    21328.090
    1905.956       99.900     4293.840    21328.090
    1907.958      100.400     4293.840    21328.090
    1909.960       99.900     4293.840    21328.090
    1911.963      100.400     4293.840    21328.090
    1913.965       99.900     4293.840    21328.090
    1915.966      100.400     4293.840    21328.090
    1917.968       99.900     4293.840    21328.090
    1919.971       99.900     4293.840    21328.090
    1921.973      100.400     4293.840    21328.090
    1923.975       99.900     4293.840    21328.090
    1925.977       99.900     4293.840    21328.090
    1927.978      100.500     4293.840    21328.090
    1929.980       99.900     4293.840    21328.090
    1931.983      100.900     4293.840    21328.090
    1933.985       99.900     4293.840    21328.090
    1935.986       99.900     4293.840    21328.090
    1937.988      100.400     4293.840    21328.090
    1939.990       99.900     4293.840    21328.090
    1941.992       99.900     4293.840    21328.090
    1943.994      100.400     4293.840    21328.090
    1945.996       99.900     4293.840    21328.090
    1947.999      100.400     4293.840    21328.090
    1950.002       99.800     4293.840    21328.090
    1952.004      100.400     4293.840    21328.090
    1954.006       99.900     4293.840    21328.090
    1956.008      100.400     4293.840    21328.090
    1958.010       99.900     4293.840    21328.090
    1960.013       99.900     4293.840    21328.090
    1962.015      100.400     4293.840    21328.090
    1964.017       99.900     4293.840    21328.090
    1966.018      100.500     4293.840    21328.090
    1968.020       99.900     4293.840    21328.090
    1970.022      100.400     4293.840    21328.090
    1972.024       99.900     4293.840    21328.090
    1974.027       99.900     4293.840    21328.090
    1976.029      100.400     4293.840    21328.090
    1978.030       99.900     4293.840    21328.090
    1980.032       99.900     4293.840    21328.090
    1982.034      100.400     4293.840    21328.090
    1984.037       99.900     4293.840    21328.090
    1986.039      100.400     4293.840    21328.090
    1988.041       99.900     4293.840    21328.090
    1990.042      100.500     4293.840    21328.090
    1992.044       99.900     4293.840    21328.090
    1994.047      152.800     4404.277    21328.090
    1996.049       99.900     4404.277    21328.090
    1998.051       99.900     4404.277    21328.090
    2000.053      100.400     4404.277    21328.090
    2002.056       99.900     4404.277    21328.090
    2004.058      100.400     4404.277    21328.090
    2006.058       99.500     4404.277    21328.090
    2008.060       99.900     4404.277    21328.090
    2010.063      100.400     4404.277    21328.090
    2012.065       99.900     4404.277    21328.090
    2014.067       99.900     4404.277    21328.090
    2016.069      100.400     4404.277    21328.090
    2018.070      100.500     4404.277    21328.090
    2020.072       99.900     4404.277    21328.090
    2022.075       99.900     4404.277    21328.090
    2024.077       99.900     4404.277    21328.090
    2026.078      100.400     4404.277    21328.090
    2028.081       99.900     4404.277    21328.090
    2030.082      100.400     4404.277    21328.090
    2032.085       99.900     4404.277    21328.090
    2034.086       99.900     4404.277    21328.090
    2036.088       99.900     4404.277    21328.090
    2038.091      100.400     4404.277    21328.090
    2040.093       99.900     4404.277    21328.090
    2042.094       99.900     4404.277    21328.090
    2044.095      100.500     4404.277    21328.090
    2046.097       99.900     4404.277    21328.090
    2048.098      100.000     4404.277    21328.090
    2050.098      100.000     4404.277    21328.090
    2052.101       99.900     4404.277    21328.090
    2054.102      100.400     4404.277    21328.090
    2056.104       99.900     4404.277    21328.090
    2058.107      100.400     4404.277    21328.090
    2060.109       99.900     4404.277    21328.090
    2062.110       99.900     4404.277    21328.090
    2064.112       99.900     4404.277    21328.090
    2066.114      100.400     4404.277    21328.090
    2068.116       99.900     4404.277    21328.090
    2070.119      100.400     4404.277    21328.090
    2072.121       99.900     4404.277    21328.090
    2074.123       99.900     4404.277    21328.090
    2076.125       99.900     4404.277    21328.090
    2078.126      100.500     4404.277    21328.090
    2080.128       99.900     4404.277    21328.090
    2082.130      100.400     4404.277    21328.090
    2084.132       99.900     4404.277    21328.090
    2086.133      100.000     4404.277    21328.090
    2088.135      100.400     4404.277    21328.090
    2090.138       99.900     4404.277    21328.090
    2092.140       99.900     4404.277    21328.090
    2094.142      100.400     4404.277    21328.090
    2096.144       99.900     4404.277    21328.090
    2098.146       99.900     4404.277    21328.090
    2100.148      100.400     4404.277    21328.090
    2102.150       99.900     4404.277    21328.090
    2104.152       99.900     4404.277    21328.090
    2106.154      100.400     4404.277    21328.090
    2108.155      100.000     4404.277    21328.090
    2110.156      100.000     4404.277    21328.090
    2112.158       99.900     4404.277    21328.090
    2114.158      100.500     4404.277    21328.090
    2116.160       99.900     4404.277    21328.090
    2118.162       99.900     4404.277    21328.090
    2120.164      100.400     4404.277    21328.090
    2122.166       99.900     4404.277    21328.090
    2124.168       99.900     4404.277    21328.090
    2126.170      100.400     4404.277    21328.090
    2128.172       99.900     4404.277    21328.090
    2130.174       99.900     4404.277    21328.090
    2132.176       99.900     4404.277    21328.090
    2134.178      100.400     4404.277    21328.090
    2136.180       99.900     4404.277    21328.090
    2138.183      100.400     4404.277    21328.090
    2140.185       99.900     4404.277    21328.090
    2142.187       99.900     4404.277    21328.090
    2144.189       99.900     4404.277    21328.090
    2146.190      100.400     4404.277    21328.090
    2148.192       99.900     4404.277    21328.090
    2150.194       99.900     4404.277    21328.090
    2152.196      100.400     4404.277    21328.090
    2154.199       99.900     4404.277    21328.090
    2156.201       99.900     4404.277    21328.090
    2158.203      100.400     4404.277    21328.090
    2160.205       99.900     4404.402    21328.090
    2162.206      100.500     4404.402    21328.090
    2164.208       99.900     4404.402    21328.090
    2166.211       99.900     4404.402    21328.090
    2168.213      100.400     4404.402    21328.090
    2170.215       99.900     4404.402    21328.090
    2172.217       99.900     4404.402    21328.090
    2174.220      100.400     4404.402    21328.090
    2176.222      100.400     4404.402    21328.090
    2178.224       99.900     4404.402    21328.090
    2180.227       99.900     4404.402    21328.090
    2182.229       99.900     4404.402    21328.090
    2184.231      100.400     4404.402    21328.090
    2186.233       99.900     4404.402    21328.090
    2188.236      100.400     4404.402    21328.090
    2190.238       99.900     4404.402    21328.090
    2192.240       99.900     4404.402    21328.090
    2194.242      100.400     4404.457    21328.090
    2196.245       99.900     4404.457    21328.090
    2198.247       99.900     4404.457    21328.090
    2200.249       99.900     4404.457    21328.090
    2202.251       99.900     4404.457    21328.090
    2204.254      100.400     4404.457    21328.090
    2206.254      100.000     4404.457    21328.090
    2208.256       99.900     4404.457    21328.090
    2210.259       99.900     4404.457    21328.090
    2212.260       99.400     4404.457    21328.090
    2214.262      110.900     4404.457    21328.090
    2216.264       99.900     4404.457    21328.090
    2218.266      100.400     4404.457    21328.090
    2220.268       99.400     4404.457    21328.090
    2222.270       99.900     4404.457    21328.090
    2224.272      100.400     4404.457    21328.090
    2226.275       99.900     4404.457    21328.090
    2228.277       99.900     4404.457    21328.090
    2230.278       99.900     4404.457    21328.090
    2232.280       99.900     4404.457    21328.090
    2234.282      100.400     4404.457    21328.090
    2236.284       99.400     4404.457    21328.090
    2238.286      100.400     4404.457    21328.090
    2240.288       99.900     4404.457    21328.090
    2242.290       99.900     4404.457    21328.090
    2244.291       99.400     4404.457    21328.090
    2246.293      100.400     4404.457    21328.090
    2248.296       99.400     4404.457    21328.090
    2250.298      100.400     4404.457    21328.090
    2252.300       99.900     4404.457    21328.090
    2254.302       99.900     4404.457    21328.090
    2256.305      100.400     4404.457    21328.090
    2258.307       99.400     4404.457    21328.090
    2260.309      100.400     4404.457    21328.090
    2262.310      100.000     4404.457    21328.090
    2264.312       99.400     4404.457    21328.090
    2266.314       99.900     4404.457    21328.090
    2268.316      100.400     4404.457    21328.090
    2270.319       99.900     4404.457    21328.090
    2272.321       99.400     4404.457    21328.090
    2274.322      100.400     4404.457    21328.090
    2276.324      122.400     4622.863    21328.090
    2278.327       99.900     4622.863    21328.090
    2280.329       99.900     4622.863    21328.090
    2282.330       99.900     4622.863    21328.090
    2284.332       99.900     4622.863    21328.090
    2286.334       99.900     4622.863    21328.090
    2288.336       99.400     4622.863    21328.090
    2290.338      100.400     4622.863    21328.090
    2292.340       99.900     4622.863    21328.090
    2294.343       99.900     4622.863    21328.090
    2296.345       99.900     4622.863    21328.090
    2298.347       99.900     4622.863    21328.090
    2300.349       99.400     4622.863    21328.090
    2302.350      100.500     4622.863    21328.090
    2304.352       99.900     4622.863    21328.090
    2306.354       99.900     4622.863    21328.090
    2308.356       99.900     4622.863    21328.090
    2310.358      100.400     4622.863    21328.090
    2312.360       99.900     4622.863    21328.090
    2314.363       99.900     4622.863    21328.090
    2316.364       99.900     4622.863    21328.090
    2318.366      100.400     4622.863    21328.090
    2320.369       99.900     4622.863    21328.090
    2322.371       99.900     4622.863    21328.090
    2324.373       99.900     4622.863    21328.090
    2326.374      100.500     4622.863    21328.090
    2328.376       99.900     4622.863    21328.090
    2330.378       99.900     4622.863    21328.090
    2332.381      100.400     4622.863    21328.090
    2334.382       99.900     4622.863    21328.090
    2336.384      100.400     4622.863    21328.090
    2338.386       99.900     4622.863    21328.090
    2340.388       99.900     4622.863    21328.090
    2342.390       99.900     4622.863    21328.090
    2344.392      100.400     4622.863    21328.090
    2346.394       99.900     4622.863    21328.090
    2348.396       99.900     4622.863    21328.090
    2350.398      100.400     4622.863    21328.090
    2352.400       99.900     4622.863    21328.090
    2354.403       99.900     4622.863    21328.090
    2356.405      100.400     4622.863    21328.090
    2358.406       99.900     4622.863    21328.090
    2360.408       99.900     4622.863    21328.090
    2362.411      100.400     4622.863    21328.090
    2364.413       99.900     4622.863    21328.090
    2366.415       99.900     4622.863    21328.090
    2368.417      100.400     4622.863    21328.090
    2370.419       99.900     4622.863    21328.090
    2372.421       99.900     4622.863    21328.090
    2374.424       99.900     4622.863    21328.090
    2376.426       99.900     4622.863    21328.090
    2378.428      100.400     4622.863    21328.090
    2380.430      100.400     4622.863    21328.090
    2382.432       99.900     4622.863    21328.090
    2384.434       99.900     4622.863    21328.090
    2386.436      100.400     4622.863    21328.090
    2388.439      100.400     4622.863    21328.090
    2390.441       99.900     4622.863    21328.090
    2392.442       99.900     4622.863    21328.090
    2394.443       99.900     4622.863    21328.090
    2396.446       99.900     4622.863    21328.090
    2398.447      100.400     4622.863    21328.090
    2400.449       99.900     4622.863    21328.090
    2402.451       99.900     4622.863    21328.090
    2404.454      100.400     4622.863    21328.090
    2406.456      100.400     4622.863    21328.090
    2408.458       99.900     4622.863    21328.090
    2410.460       99.900     4622.863    21328.090
    2412.463      100.400     4622.863    21328.090
    2414.465       99.900     4622.863    21328.090
    2416.466       99.900     4622.863    21328.090
    2418.468       99.900     4622.863    21328.090
    2420.470       99.900     4622.863    21328.090
    2422.472      100.400     4622.863    21328.090
    2424.474      100.400     4622.863    21328.090
    2426.475       99.900     4622.863    21328.090
    2428.478       99.900     4622.863    21328.090
    2430.478      100.000     4622.863    21328.090
    2432.480       99.900     4622.863    21328.090
    2434.483       99.900     4622.863    21328.090
    2436.485       99.900     4622.863    21328.090
    2438.485      100.000     4622.863    21328.090
    2440.488       99.900     4622.863    21328.090
    2442.490       99.900     4622.863    21328.090
    2444.492       99.900     4622.863    21328.090
    2446.495       99.900     4622.863    21328.090
    2448.497       99.900     4622.863    21328.090
    2450.499       99.900     4622.863    21328.090
    2452.501       99.900     4622.863    21328.090
    2454.504       99.900     4622.863    21328.090
    2456.506      100.400     4622.863    21328.090
    2458.508       99.400     4622.863    21328.090
    2460.510      100.400     4622.863    21328.090
    2462.512       99.900     4622.863    21328.090
    2464.515       99.900     4622.863    21328.090
    2466.517       99.400     4622.863    21328.090
    2468.519      100.400     4622.863    21328.090
    2470.521       99.900     4622.863    21328.090
    2472.524       99.900     4622.863    21328.090
    2474.526       99.900     4622.863    21328.090
    2476.528       99.400     4622.863    21328.090
    2478.530      100.400     4622.863    21328.090
    2480.533       99.900     4622.863    21328.090
    2482.534       99.900     4622.863    21328.090
    2484.536       99.900     4622.863    21328.090
    2486.539       99.900     4622.863    21328.090
    2488.541       99.900     4622.863    21328.090
    2490.543       99.900     4622.863    21328.090
    2492.545       99.900     4622.863    21328.090
    2494.546      100.500     4622.863    21328.090
    2496.548       99.400     4622.863    21328.090
    2498.550       99.900     4622.863    21328.090
    2500.552      100.400     4622.863    21328.090
    2502.554      101.900     4622.863    21328.090
    2504.557       99.400     4622.863    21328.090
    2506.559       99.900     4622.863    21328.090
    2508.561       99.900     4622.863    21328.090
    2510.563       99.900     4622.863    21328.090
    2512.566       99.400     4622.863    21328.090
    2514.568      100.400     4622.863    21328.090
    2516.570       99.900     4622.863    21328.090
    2518.572       99.400     4622.863    21328.090
    2520.574       99.900     4622.863    21328.090
    2522.576       99.900     4622.863    21328.090
    2524.579      100.400     4622.863    21328.090
    2526.581       99.400     4622.863    21328.090
    2528.583       99.900     4622.863    21328.090
    2530.585       99.900     4622.863    21328.090
    2532.587       99.900     4622.863    21328.090
    2534.590       99.900     4622.863    21328.090
    2536.592      100.400     4622.863    21328.090
    2538.594       99.900     4622.863    21328.090
    2540.596       99.900     4622.863    21328.090
    2542.599      100.400     4622.863    21328.090
    2544.601       99.900     4622.863    21328.090
    2546.603       99.900     4622.863    21328.090
    2548.605       99.900     4622.863    21328.090
    2550.608       99.900     4622.863    21328.090
    2552.610       99.900     4622.863    21328.090
    2554.612      100.400     4622.863    21328.090
    2556.614       99.900     4622.863    21328.090
    2558.616      100.400     4622.863    21328.090
    2560.619       99.900     4622.863    21328.090
    2562.621       99.900     4622.863    21328.090
    2564.623      100.400     4622.863    21328.090
    2566.625       99.900     4622.863    21328.090
    2568.626      100.000     4622.863    21328.090
    2570.629       99.900     4622.863    21328.090
    2572.630      100.400     4622.863    21328.090
    2574.632       99.900     4622.863    21328.090
    2576.635      100.400     4622.863    21328.090
    2578.637       99.900     4622.863    21328.090
    2580.638       99.900     4622.863    21328.090
    2582.640       99.900     4622.863    21328.090
    2584.643      100.400     4622.863    21328.090
    2586.645       99.900     4622.863    21328.090
    2588.647       99.900     4622.863    21328.090
    2590.649      100.400     4622.863    21328.090
    2592.652       99.900     4622.863    21328.090
    2594.654       99.900     4622.863    21328.090
    2596.656      100.400     4622.863    21328.090
    2598.658       99.900     4622.863    21328.090
    2600.661       99.900     4622.863    21328.090
    2602.663      100.400     4622.863    21328.090
    2604.665       99.900     4622.863    21328.090
    2606.667       99.900     4622.863    21328.090
    2608.670      100.400     4622.863    21328.090
    2610.670      100.000     4622.863    21328.090
    2612.672       99.900     4622.863    21328.090
    2614.675      100.400     4622.863    21328.090
    2616.676       99.400     4622.863    21328.090
    2618.678      100.400     4622.863    21328.090
    2620.680       99.900     4622.863    21328.090
    2622.682      100.400     4622.863    21328.090
    2624.685       99.900     4622.863    21328.090
    2626.687       99.900     4622.863    21328.090
    2628.689       99.900     4622.863    21328.090
    2630.691      100.400     4622.863    21328.090
    2632.694       99.900     4622.863    21328.090
    2634.696      100.400     4622.863    21328.090
    2636.698      100.400     4622.863    21328.090
    2638.700       99.900     4622.863    21328.090
    2640.703       99.900     4622.863    21328.090
    2642.705       99.900     4622.863    21328.090
    2644.707      100.400     4622.863    21328.090
    2646.709       99.900     4622.863    21328.090
    2648.712      100.400     4622.863    21328.090
    2650.714       99.900     4622.863    21328.090
    2652.716       99.900     4622.863    21328.090
    2654.718      100.400     4622.863    21328.090
    2656.720       99.900     4622.863    21328.090
    2658.722      100.400     4622.863    21328.090
    2660.724       99.400     4622.863    21328.090
    2662.726      100.400     4622.863    21328.090
    2664.728       99.900     4622.863    21328.090
    2666.731      100.400     4622.863    21328.090
    2668.732       99.900     4622.863    21328.090
    2670.734      100.400     4622.863    21328.090
    2672.735       99.900     4622.863    21328.090
    2674.738       99.900     4622.863    21328.090
    2676.738      100.500     4622.863    21328.090
    2678.740       99.900     4622.863    21328.090
    2680.742      100.400     4622.863    21328.090
    2682.744       99.900     4622.863    21328.090
    2684.746       99.900     4622.863    21328.090
    2686.747      100.400     4622.863    21328.090
    2688.749       99.900     4622.863    21328.090
    2690.751       99.900     4622.863    21328.090
    2692.754      100.400     4622.863    21328.090
    2694.756       99.900     4622.863    21328.090
    2696.758      100.400     4622.863    21328.090
    2698.760       99.900     4622.863    21328.090
    2700.763      101.400     4622.863    21328.090
    2702.765       99.900     4622.863    21328.090
    2704.766      100.400     4622.863    21328.090
    2706.768       99.900     4622.863    21328.090
    2708.770       99.900     4622.863    21328.090
    2710.772       99.900     4622.863    21328.090
    2712.774      100.400     4622.863    21328.090
    2714.776       99.900     4622.863    21328.090
    2716.779       99.900     4622.863    21328.090
    2718.781       99.900     4622.863    21328.090
    2720.782      100.400     4622.863    21328.090
    2722.784       99.900     4622.863    21328.090
    2724.786       99.900     4622.863    21328.090
    2726.788      100.400     4622.863    21328.090
    2728.791       99.900     4622.863    21328.090
    2730.792       99.900     4622.863    21328.090
    2732.794       99.900     4622.863    21328.090
    2734.796       99.900     4622.863    21328.090
    2736.798       99.900     4622.863    21328.090
    2738.800      100.400     4622.863    21328.090
    2740.803       99.900     4622.863    21328.090
    2742.805       99.900     4622.863    21328.090
    2744.807      100.400     4622.863    21328.090
    2746.809       99.900     4622.863    21328.090
    2748.812       99.900     4622.863    21328.090
    2750.814       99.900     4622.863    21328.090
    2752.814      101.000     4622.863    21328.090
    2754.816       99.900     4622.863    21328.090
    2756.819       99.900     4622.863    21328.090
    2758.821       99.900     4622.863    21328.090
    2760.823      100.400     4622.863    21328.090
    2762.825       99.900     4622.863    21328.090
    2764.827      100.400     4622.863    21328.090
    2766.830       99.900     4622.863    21328.090
    2768.832       99.900     4622.863    21328.090
    2770.834      100.400     4622.863    21328.090
    2772.836       99.900     4622.863    21328.090
    2774.839      100.400     4622.863    21328.090
    2776.841       99.900     4622.863    21328.090
    2778.842       99.900     4622.863    21328.090
    2780.844       99.900     4622.863    21328.090
    2782.847      100.400     4622.863    21328.090
    2784.849       99.900     4622.863    21328.090
    2786.850      100.400     4622.863    21328.090
    2788.852       99.900     4622.863    21328.090
    2790.855       99.900     4622.863    21328.090
    2792.857      100.400     4622.863    21328.090
    2794.859       99.900     4622.863    21328.090
    2796.861       99.900     4622.863    21328.090
    2798.862      100.500     4622.863    21328.090
    2800.864       99.900     4622.863    21328.090
    2802.867      100.400     4622.863    21328.090
    2804.869       99.900     4622.863    21328.090
    2806.870       99.900     4622.863    21328.090
    2808.872      100.400     4622.863    21328.090
    2810.874       99.900     4622.863    21328.090
    2812.876       99.900     4622.863    21328.090
    2814.878      100.400     4622.863    21328.090
    2816.880       99.900     4622.863    21328.090
    2818.882      100.400     4622.863    21328.090
    2820.885       99.900     4622.863    21328.090
    2822.886      100.400     4622.863    21328.090
    2824.888       99.900     4622.863    21328.090
    2826.891       99.900     4622.863    21328.090
    2828.893      100.400     4622.863    21328.090
    2830.894      101.400     4622.863    21328.090
    2832.896      100.400     4622.863    21328.090
    2834.898       99.900     4622.863    21328.090
    2836.900       99.900     4622.863    21328.090
    2838.902      100.400     4622.863    21328.090
    2840.904       99.900     4622.863    21328.090
    2842.906       99.900     4622.863    21328.090
    2844.908       99.900     4622.863    21328.090
    2846.910      100.400     4622.863    21328.090
    2848.912       99.900     4622.863    21328.090
    2850.914       99.900     4622.863    21328.090
    2852.916       99.900     4622.863    21328.090
    2854.918      100.400     4622.863    21328.090
    2856.920       99.900     4622.863    21328.090
    2858.923      100.400     4622.863    21328.090
    2860.925       99.900     4622.863    21328.090
    2862.927       99.900     4622.863    21328.090
    2864.929       99.900     4622.863    21328.090
    2866.931      100.400     4622.863    21328.090
    2868.934       99.900     4622.863    21328.090
    2870.936       99.900     4622.863    21328.090
    2872.938      100.400     4622.863    21328.090
    2874.940       99.900     4622.863    21328.090
    2876.943       99.900     4622.863    21328.090
    2878.945       99.900     4622.863    21328.090
    2880.947      100.400     4622.863    21328.090
    2882.948      100.000     4622.863    21328.090
    2884.950      100.400     4622.863    21328.090
    2886.952       99.900     4622.863    21328.090
    2888.954      100.400     4622.863    21328.090
    2890.956       99.900     4622.863    21328.090
    2892.959       99.900     4622.863    21328.090
    2894.961      100.400     4622.863    21328.090
    2896.962       99.900     4622.863    21328.090
    2898.964       99.900     4622.863    21328.090
    2900.966      100.400     4622.863    21328.090
    2902.968       99.900     4622.863    21328.090
    2904.971      100.400     4622.863    21328.090
    2906.973       99.900     4622.863    21328.090
    2908.974      104.900     4623.121    21328.090
    2910.976       99.900     4623.121    21328.090
    2912.979       99.900     4623.121    21328.090
    2914.981      100.400     4623.121    21328.090
    2916.983       99.900     4623.121    21328.090
    2918.985       99.900     4623.121    21328.090
    2920.986      100.500     4623.121    21328.090
    2922.988       99.900     4623.121    21328.090
    2924.990       99.900     4623.121    21328.090
    2926.992       99.900     4623.121    21328.090
    2928.994      100.400     4623.121    21328.090
    2930.996       99.900     4623.121    21328.090
    2932.998       99.900     4623.121    21328.090
    2935.000       99.900     4623.121    21328.090
    2937.003      100.400     4623.121    21328.090
    2939.005       99.900     4623.121    21328.090
    2941.006      100.400     4623.121    21328.090
    2943.008       99.900     4623.121    21328.090
    2945.011       99.900     4623.121    21328.090
    2947.013       99.900     4623.121    21328.090
    2949.015      100.400     4623.121    21328.090
    2951.017       99.900     4623.121    21328.090
    2953.018      100.000     4623.121    21328.090
    2955.020      100.400     4623.121    21328.090
    2957.022       99.900     4623.121    21328.090
    2959.024       99.900     4623.121    21328.090
    2961.026      100.400     4623.121    21328.090
    2963.028       99.900     4623.121    21328.090
    2965.030      100.400     4623.121    21328.090
    2967.032       99.900     4623.121    21328.090
    2969.034       99.900     4623.121    21328.090
    2971.036      100.400     4623.121    21328.090
    2973.038       99.900     4623.121    21328.090
    2975.040       99.900     4623.121    21328.090
    2977.043      100.400     4623.121    21328.090
    2979.045       99.900     4623.121    21328.090
    2981.046      100.400     4623.121    21328.090
    2983.048       99.900     4623.121    21328.090
    2985.051      100.400     4623.121    21328.090
    2987.053       99.900     4623.121    21328.090
    2989.054       99.900     4623.121    21328.090
    2991.056      100.400     4623.121    21328.090
    2993.058      102.900     4623.184    21328.090
    2995.060       99.900     4623.184    21328.090
    2997.063       99.900     4623.184    21328.090
    2999.065       99.900     4623.184    21328.090
    3001.067       99.900     4623.184    21328.090
    3003.069       99.900     4623.184    21328.090
    3005.070      100.500     4623.184    21328.090
    3007.072       99.900     4623.184    21328.090
    3009.075       99.900     4623.184    21328.090
    3011.077      100.400     4623.184    21328.090
    3013.078       99.900     4623.184    21328.090
    3015.080       99.900     4623.184    21328.090
    3017.082      100.400     4623.184    21328.090
    3019.082      100.000     4623.184    21328.090
    3021.085       99.900     4623.184    21328.090
    3023.086       99.900     4623.184    21328.090
    3025.088      100.400     4623.184    21328.090
    3027.091       99.900     4623.184    21328.090
    3029.093       99.900     4623.184    21328.090
    3031.095      100.400     4623.184    21328.090
    3033.097       99.900     4623.184    21328.090
    3035.100       99.900     4623.184    21328.090
    3037.102      100.400     4623.184    21328.090
    3039.104       99.900     4623.184    21328.090
    3041.106      100.400     4623.184    21328.090
    3043.109       99.900     4623.184    21328.090
    3045.111      100.400     4623.184    21328.090
    3047.113       99.900     4623.184    21328.090
    3049.115       99.900     4623.184    21328.090
    3051.118      100.400     4623.184    21328.090
    3053.120       99.900     4623.184    21328.090
    3055.122      100.400     4623.184    21328.090
    3057.124       99.900     4623.184    21328.090
    3059.126      100.400     4623.184    21328.090
    3061.128       99.900     4623.184    21328.090
    3063.131       99.900     4623.184    21328.090
    3065.133       99.900     4623.184    21328.090
    3067.135      100.400     4623.184    21328.090
    3069.137       99.900     4623.184    21328.090
    3071.138      100.500     4623.184    21328.090
    3073.140       99.900     4623.184    21328.090
    3075.142      100.400     4623.184    21328.090
    3077.144       99.900     4623.184    21328.090
    3079.146      105.400     4623.184    21328.090
    3081.148       99.900     4623.184    21328.090
    3083.150      100.400     4623.184    21328.090
    3085.152       99.900     4623.184    21328.090
    3087.155       99.900     4623.184    21328.090
    3089.157       99.900     4623.184    21328.090
    3091.159      100.400     4623.184    21328.090
    3093.161       99.900     4623.184    21328.090
    3095.162      100.500     4623.184    21328.090
    3097.164       99.900     4623.184    21328.090
    3099.167       99.900     4623.184    21328.090
    3101.169       99.900     4623.184    21328.090
    3103.170      100.400     4623.184    21328.090
    3105.171      100.000     4623.184    21328.090
    3107.173       99.900     4623.184    21328.090
    3109.174      100.500     4623.184    21328.090
    3111.176       99.900     4623.184    21328.090
    3113.178      100.400     4623.184    21328.090
    3115.180       99.900     4623.184    21328.090
    3117.182       99.900     4623.184    21328.090
    3119.184       99.900     4623.184    21328.090
    3121.186      100.400     4623.184    21328.090
    3123.188       99.900     4623.184    21328.090
    3125.191      100.400     4623.184    21328.090
    3127.193      100.400     4623.184    21328.090
    3129.195       99.900     4623.184    21328.090
    3131.197       99.900     4623.184    21328.090
    3133.199      100.400     4623.184    21328.090
    3135.202       99.900     4623.184    21328.090
    3137.202      100.500     4623.184    21328.090
    3139.204       99.900     4623.184    21328.090
    3141.207      100.400     4623.184    21328.090
    3143.209      100.900     4623.184    21328.090
    3145.211      100.400     4623.184    21328.090
    3147.213       99.900     4623.184    21328.090
    3149.215       99.900     4623.184    21328.090
    3151.218      100.400     4623.184    21328.090
    3153.218      100.000     4623.184    21328.090
    3155.220       99.900     4623.184    21328.090
    3157.222      100.400     4623.184    21328.090
    3159.224       99.900     4623.184    21328.090
    3161.227       99.900     4623.184    21328.090
    3163.229       99.900     4623.184    21328.090
    3165.230      100.400     4623.184    21328.090
    3167.232       99.900     4623.184    21328.090
    3169.235      100.400     4623.184    21328.090
    3171.237       99.900     4623.184    21328.090
    3173.238       99.900     4623.184    21328.090
    3175.240       99.900     4623.184    21328.090
    3177.242      100.400     4623.184    21328.090
    3179.244       99.900     4623.184    21328.090
    3181.246      100.400     4623.184    21328.090
    3183.247      100.000     4623.184    21328.090
    3185.249       99.900     4623.184    21328.090
    3187.251      100.400     4623.184    21328.090
    3189.254       99.900     4623.184    21328.090
    3191.256       99.900     4623.184    21328.090
    3193.258      100.400     4623.184    21328.090
    3195.260       99.900     4623.184    21328.090
    3197.263      100.400     4623.184    21328.090
    3199.265       99.900     4623.184    21328.090
    3201.266      100.400     4623.184    21328.090
    3203.268       99.900     4623.184    21328.090
    3205.270       99.900     4623.184    21328.090
    3207.273      100.400     4623.184    21328.090
    3209.275      102.400     4623.184    21328.090
    3211.277       99.900     4623.184    21328.090
    3213.279       99.900     4623.184    21328.090
    3215.282       99.900     4623.184    21328.090
    3217.282      100.500     4623.184    21328.090
    3219.284       99.900     4623.184    21328.090
    3221.286       99.900     4623.184    21328.090
    3223.288      100.400     4623.184    21328.090
    3225.290       99.900     4623.184    21328.090
    3227.291       99.900     4623.184    21328.090
    3229.294       99.900     4623.184    21328.090
    3231.294      100.500     4623.184    21328.090
    3233.296       99.900     4623.184    21328.090
    3235.299      100.400     4623.184    21328.090
    3237.301       99.400     4623.184    21328.090
    3239.303      100.400     4623.184    21328.090
    3241.305       99.900     4623.184    21328.090
    3243.306       99.900     4623.184    21328.090
    3245.308       99.900     4623.184    21328.090
    3247.310      100.400     4623.184    21328.090
    3249.313       99.900     4623.184    21328.090
    3251.313      100.000     4623.184    21328.090
    3253.315      100.400     4623.184    21328.090
    3255.317       99.900     4623.184    21328.090
    3257.319      100.400     4623.184    21328.090
    3259.320      100.000     4623.184    21328.090
    3261.322      100.400     4623.184    21328.090
    3263.324       99.900     4623.184    21328.090
    3265.326       99.900     4623.184    21328.090
    3267.328      100.400     4623.184    21328.090
    3269.330       99.900     4623.184    21328.090
    3271.332      100.400     4623.184    21328.090
    3273.334      104.400     4623.184    21328.090
    3275.336       99.900     4623.184    21328.090
    3277.339       99.900     4623.184    21328.090
    3279.341       99.900     4623.184    21328.090
    3281.343      100.400     4623.184    21328.090
    3283.345       99.900     4623.184    21328.090
    3285.346      100.000     4623.184    21328.090
    3287.348       99.900     4623.184    21328.090
    3289.350      100.400     4623.184    21328.090
    3291.352       99.900     4623.184    21328.090
    3293.355      100.400     4623.184    21328.090
    3295.357       99.900     4623.184    21328.090
    3297.359       99.900     4623.184    21328.090
    3299.361       99.900     4623.184    21328.090
    3301.363      100.400     4623.184    21328.090
    3303.366       99.900     4623.184    21328.090
    3305.368      100.400     4623.184    21328.090
    3307.370       99.900     4623.184    21328.090
    3309.372       99.900     4623.184    21328.090
    3311.374      100.400     4623.184    21328.090
    3313.375       99.900     4623.184    21328.090
    3315.377      100.400     4623.184    21328.090
    3317.378      100.000     4623.184    21328.090
    3319.380      100.400     4623.184    21328.090
    3321.383      111.900     4623.238    21328.090
    3323.385      107.400     4623.324    21328.090
    3325.386       99.900     4623.324    21328.090
    3327.388       99.900     4623.324    21328.090
    3329.391      100.400     4623.324    21328.090
    3331.393      131.400     4623.570    21328.090
    3333.395      130.900     4623.695    21328.090
    3335.397      100.900     4623.695    21328.090
    3337.400      100.900     4623.695    21328.090
    3339.402      100.400     4623.695    21328.090
    3341.404      100.900     4623.695    21328.090
    3343.406      100.900     4623.773    21328.090
    3345.409      100.400     4625.703    21328.090
    3347.411      100.900     4625.703    21328.090
    3349.413      100.400     4625.703    21328.090
    3351.415      100.900     4625.703    21328.090
    3353.418      100.400     4625.703    21328.090
    3355.420      100.900     4625.887    21328.090
