(0.05555555555555555, 0.05555555555555555, 0.05555555555555555)
(0.050505050505050504, 0.050505050505050504, 0.050505050505050504)
(0.09595959595959595, 0.09595959595959595, 0.09595959595959595)
(0.030303030303030304, 0.030303030303030304, 0.030303030303030304)
(0.020202020202020204, 0.020202020202020204, 0.020202020202020204)
(0.05555555555555555, 0.05555555555555555, 0.05555555555555555)
(0.1717171717171717, 0.1717171717171717, 0.1717171717171717)
(0.0707070707070707, 0.0707070707070707, 0.0707070707070707)
(0.045454545454545456, 0.045454545454545456, 0.045454545454545456)
(0.045454545454545456, 0.045454545454545456, 0.045454545454545456)
(0.030303030303030304, 0.030303030303030304, 0.030303030303030304)
(0.06565656565656566, 0.06565656565656566, 0.06565656565656566)
(0.08080808080808081, 0.08080808080808081, 0.08080808080808081)
(0.050505050505050504, 0.050505050505050504, 0.050505050505050504)
(0.025252525252525252, 0.025252525252525252, 0.025252525252525252)
(0.030303030303030304, 0.030303030303030304, 0.030303030303030304)
(0.045454545454545456, 0.045454545454545456, 0.045454545454545456)
(0.06565656565656566, 0.06565656565656566, 0.06565656565656566)
(0.015151515151515152, 0.015151515151515152, 0.015151515151515152)
(0.025252525252525252, 0.025252525252525252, 0.025252525252525252)
(0.050505050505050504, 0.050505050505050504, 0.050505050505050504)
(0.030303030303030304, 0.030303030303030304, 0.030303030303030304)
(0.03535353535353535, 0.03535353535353535, 0.03535353535353535)
(0.03535353535353535, 0.03535353535353535, 0.03535353535353535)
(0.045454545454545456, 0.045454545454545456, 0.045454545454545456)
(0.025252525252525252, 0.025252525252525252, 0.025252525252525252)
(0.15656565656565657, 0.15656565656565657, 0.15656565656565657)
(0.030303030303030304, 0.030303030303030304, 0.030303030303030304)
(0.025252525252525252, 0.025252525252525252, 0.025252525252525252)
(0.025252525252525252, 0.025252525252525252, 0.025252525252525252)
(0.025252525252525252, 0.025252525252525252, 0.025252525252525252)
(0.06060606060606061, 0.06060606060606061, 0.06060606060606061)
(0.025252525252525252, 0.025252525252525252, 0.025252525252525252)
(0.06060606060606061, 0.06060606060606061, 0.06060606060606061)
(0.045454545454545456, 0.045454545454545456, 0.045454545454545456)
(0.05555555555555555, 0.05555555555555555, 0.05555555555555555)
(0.06060606060606061, 0.06060606060606061, 0.06060606060606061)
(0.12626262626262627, 0.12626262626262627, 0.12626262626262627)
(0.04040404040404041, 0.04040404040404041, 0.04040404040404041)
(0.050505050505050504, 0.050505050505050504, 0.050505050505050504)
(0.025252525252525252, 0.025252525252525252, 0.025252525252525252)
(0.04040404040404041, 0.04040404040404041, 0.04040404040404041)
(0.050505050505050504, 0.050505050505050504, 0.050505050505050504)
(0.020202020202020204, 0.020202020202020204, 0.020202020202020204)
(0.10101010101010101, 0.10101010101010101, 0.10101010101010101)
(0.03535353535353535, 0.03535353535353535, 0.03535353535353535)
(0.020202020202020204, 0.020202020202020204, 0.020202020202020204)
(0.030303030303030304, 0.030303030303030304, 0.030303030303030304)
(0.020202020202020204, 0.020202020202020204, 0.020202020202020204)
(0.03535353535353535, 0.03535353535353535, 0.03535353535353535)
